person 840 138 17 236
person 858 140 10 234
person 894 142 21 232
person 875 137 33 237
person 815 115 20 259
person 790 138 10 236
person 784 138 9 236
person 691 120 28 254
person 791 113 31 261
person 702 119 29 255
person 743 115 22 259
person 563 127 19 247
person 460 112 16 262
person 437 109 8 265
person 445 105 18 269
person 474 110 27 264
person 381 110 19 264
person 372 114 14 260
person 287 114 11 260
person 318 114 14 260
person 321 96 57 278
person 408 96 56 278
person 534 105 34 269
person 498 99 54 275
person 14 113 12 261
person 32 115 21 259
person 122 111 8 263
person 140 117 8 257
person 198 115 6 259
person 181 115 6 259
person 147 112 19 262
person 127 110 18 264
person 101 109 30 265
person 59 99 27 275
