person 395 99 6 275
person 323 102 6 272
person 463 102 9 272
person 453 102 11 272
person 354 97 12 277
person 223 96 12 278
person 233 97 13 277
person 213 99 14 275
person 70 83 13 291
person 124 94 22 280
person 168 95 17 279
person 146 90 24 284
person 116 84 11 290
person 87 83 11 291
person 97 89 22 285
person 713 103 20 271
person 742 101 22 273
person 978 121 37 253
person 873 97 31 277
person 981 90 44 284
person 1234 116 34 258
person 1205 133 44 241
person 37 76 43 298
person 272 95 14 279
person 334 106 8 268
person 265 94 14 280
