person 541 129 8 245
person 558 127 6 247
person 549 127 9 247
person 563 122 6 252
person 629 122 5 252
person 639 122 7 252
person 644 121 5 253
person 648 122 6 252
person 662 121 8 253
person 660 121 5 253
person 727 108 13 266
person 734 107 22 267
person 752 102 22 272
person 791 96 28 278
person 794 106 16 268
person 791 91 29 283
person 867 97 19 277
person 856 97 16 277
person 837 99 24 275
person 715 115 6 259
person 815 91 30 283
person 888 96 24 278
person 943 84 36 290
person 902 82 48 292
person 974 91 35 283
person 322 128 9 246
person 291 128 10 246
person 16 142 10 232
person 212 127 11 247
person 184 132 6 242
person 171 125 24 249
person 98 129 14 245
person 264 120 18 254
person 195 124 22 250
person 697 112 11 262
person 701 105 20 269
person 247 134 19 240
person 244 122 19 252
person 776 108 16 266
