person 826 111 31 263
person 867 111 44 263
person 849 112 40 262
person 742 106 43 268
person 604 131 9 243
person 596 125 11 249
person 575 123 15 251
person 558 119 14 255
person 498 107 14 267
person 534 99 21 275
person 249 106 21 268
person 318 113 19 261
person 918 138 9 236
person 385 114 22 260
person 225 106 26 268
person 616 125 10 249
person 634 122 6 252
person 657 120 13 254
person 799 142 5 232
person 954 104 42 270
person 73 104 27 270
car 604 130 84 244
car 680 125 57 249
car 711 133 29 241
car 673 133 36 241
car 783 139 28 235
car 795 139 27 235
car 688 121 40 253
car 454 108 122 266
car 452 121 57 253
car 900 140 17 234
bicycle 26 143 119 231
bicycle 110 144 69 230
bicycle 13 148 69 226
bicycle 562 146 24 228
