person 662 101 11 273
person 1181 97 39 277
person 658 102 5 272
person 656 112 13 262
person 458 108 20 266
person 940 114 9 260
person 922 107 8 267
person 910 110 9 264
person 862 112 7 262
person 855 112 6 262
person 837 111 8 263
person 828 112 8 262
person 812 107 6 267
person 809 112 16 262
person 672 106 11 268
person 603 103 22 271
person 671 110 14 264
person 550 100 39 274
person 528 102 28 272
person 422 115 42 259
person 417 115 30 259
person 294 92 16 282
person 270 100 22 274
person 245 103 9 271
person 177 125 19 249
person 75 93 24 281
person 1156 97 8 277
person 1162 102 11 272
person 734 106 12 268
person 743 104 24 270
person 433 125 17 249
person 290 95 12 279
person 289 83 65 291
person 215 102 12 272
person 213 86 58 288
person 865 111 9 263
person 848 105 9 269
