person 603 148 12 226
person 650 144 13 230
person 638 140 14 234
person 622 133 19 241
person 695 149 10 225
person 703 149 18 225
person 717 124 26 250
person 673 147 11 227
person 676 148 14 226
person 657 141 19 233
person 578 135 23 239
person 762 119 20 255
person 768 118 42 256
person 812 112 22 262
person 832 116 36 258
person 872 172 35 202
person 873 106 39 268
person 948 56 95 318
person 1040 65 81 309
person 361 148 11 226
person 378 151 9 223
person 386 160 6 214
person 385 118 27 256
person 412 123 16 251
person 420 116 26 258
person 439 148 14 226
person 452 141 10 233
person 511 109 31 265
person 468 94 47 280
