person 816 119 11 255
person 825 111 8 263
person 817 121 21 253
person 970 105 15 269
person 903 104 6 270
person 895 101 11 273
person 903 104 14 270
person 929 103 9 271
person 933 104 18 270
person 878 101 23 273
person 845 103 15 271
person 857 105 22 269
person 832 105 22 269
person 603 96 24 278
person 618 98 14 276
person 634 95 26 279
person 624 99 31 275
person 463 93 26 281
person 485 79 50 295
person 418 90 55 284
person 332 234 50 140
person 247 88 78 286
person 1185 119 8 255
person 1248 89 21 285
person 1190 62 65 312
