person 408 151 5 223
person 708 130 11 244
person 693 127 9 247
person 216 145 11 229
person 209 145 8 229
person 191 142 14 232
person 175 141 16 233
person 760 129 13 245
person 126 142 18 232
person 750 126 13 248
person 721 137 7 237
person 734 132 7 242
person 4 134 22 240
person 661 132 15 242
person 631 130 18 244
person 650 133 14 241
person 676 128 18 246
person 780 123 16 251
person 1008 114 32 260
person 739 128 15 246
person 703 135 11 239
person 676 149 8 225
person 1025 110 36 264
person 691 133 14 241
