person 78 160 6 214
person 824 122 13 252
person 650 122 10 252
person 774 102 8 272
person 24 155 14 219
person 41 144 11 230
person 49 140 12 234
person 114 140 13 234
person 550 139 8 235
person 596 130 9 244
person 601 127 11 247
person 615 123 14 251
person 644 134 9 240
person 631 107 19 267
person 626 112 18 262
person 662 109 19 265
person 700 107 8 267
person 688 109 21 265
person 1011 97 10 277
person 985 106 15 268
person 838 82 42 292
person 734 104 5 270
person 737 106 13 268
person 722 102 19 272
person 757 94 22 280
person 744 106 22 268
