person 249 114 8 260
person 295 101 22 273
person 300 100 53 274
person 262 103 41 271
person 186 131 18 243
person 198 128 21 246
person 211 107 54 267
person 393 98 34 276
person 469 127 20 247
person 73 132 11 242
person 80 135 11 239
person 108 105 47 269
person 34 114 43 260
person 493 148 27 226
person 697 128 10 246
person 673 122 27 252
person 703 125 14 249
person 735 117 26 257
person 772 105 39 269
person 827 103 34 271
person 863 112 49 262
person 850 119 40 255
person 940 117 32 257
person 437 99 40 275
person 1245 97 24 277
person 588 92 58 282
person 708 117 41 257
person 34 127 15 247
person 371 108 35 266
person 415 98 55 276
