person 660 69 16 305
person 649 73 13 301
person 687 73 13 301
person 699 72 14 302
person 712 79 16 295
person 742 78 16 296
person 758 72 14 302
person 746 91 24 283
person 956 74 17 300
person 976 72 13 302
person 984 76 21 298
person 1001 79 13 295
person 220 85 10 289
person 229 66 21 308
person 270 83 18 291
person 175 76 12 298
person 183 75 26 299
person 875 77 13 297
person 891 73 15 301
person 108 84 24 290
person 30 84 52 290
person 621 84 59 290
person 846 78 19 296
person 875 80 19 294
person 927 75 15 299
person 913 78 20 296
person 891 80 14 294
