person 840 127 6 247
person 817 127 13 247
person 799 129 7 245
person 797 125 24 249
person 895 129 11 245
person 906 125 17 249
person 958 117 57 257
person 631 133 13 241
person 483 140 26 234
person 461 123 20 251
person 440 115 22 259
person 326 133 14 241
person 316 130 14 244
person 342 135 38 239
person 216 125 38 249
person 201 124 39 250
person 4 71 70 303
person 121 81 49 293
person 142 48 81 326
person 819 114 32 260
person 691 111 33 263
person 730 79 67 295
person 596 132 9 242
person 387 92 51 282
