person 121 129 8 245
person 159 130 8 244
person 279 124 13 250
person 266 132 16 242
person 177 130 11 244
person 125 133 11 241
person 233 123 14 251
person 216 123 19 251
person 192 123 24 251
person 112 138 13 236
person 80 117 32 257
person 52 131 13 243
person 47 132 8 242
person 3 139 11 235
person 11 137 11 237
person 3 151 14 223
person 21 125 43 249
person 385 122 22 252
person 362 119 24 255
person 448 121 12 253
person 468 115 9 259
person 457 119 19 255
person 511 123 11 251
person 506 121 10 253
person 499 120 10 254
person 496 119 7 255
person 547 135 9 239
person 527 119 24 255
person 665 114 8 260
person 657 122 6 252
person 670 121 8 253
person 661 122 9 252
person 676 117 15 257
person 695 117 9 257
person 698 119 11 255
person 705 120 13 254
person 729 120 12 254
person 968 99 35 275
person 1218 47 75 327
person 961 187 6 187
person 955 117 21 257
person 144 131 9 243
