person 45 128 24 246
person 702 128 6 246
person 711 130 6 244
person 753 111 19 263
person 995 113 15 261
person 614 91 52 283
person 64 128 15 246
bus 447 87 94 287
car 849 108 150 266
car 543 127 32 247
car 593 130 27 244
car 570 124 22 250
car 580 129 21 245
car 849 108 65 266
bicycle 980 148 268 226
bicycle 878 150 101 224
bicycle 924 151 126 223
bicycle 936 132 201 242
bicycle 1164 144 105 230
bicycle 0 188 21 187
bicycle 885 125 127 249
bicycle 920 183 72 191
bicycle 1129 121 97 253
bicycle 967 204 125 170
car 172 137 196 237
truck 69 37 386 337
