person 794 136 11 238
person 781 135 11 239
person 706 135 10 239
person 641 139 12 235
person 590 137 13 237
person 531 137 14 237
person 504 145 15 229
person 309 144 11 230
person 334 138 13 236
person 322 130 22 244
person 279 136 24 238
person 1026 132 11 242
person 1011 125 9 249
person 874 131 21 243
person 896 128 18 246
person 913 122 21 252
person 938 118 17 256
person 967 136 9 238
person 947 109 24 265
person 984 112 38 262
person 1034 107 26 267
person 1145 105 27 269
person 1140 117 41 257
person 1148 146 46 228
person 1181 162 26 212
person 1104 81 53 293
person 1195 71 67 303
person 926 130 27 244
person 845 137 9 237
person 574 140 11 234
