person 775 127 11 247
person 636 134 9 240
person 349 125 15 249
person 301 124 16 250
person 476 125 22 249
person 988 76 50 298
person 610 138 5 236
person 591 133 8 241
bicycle 802 151 51 223
motorbike 1085 143 62 231
car 305 133 106 241
car 393 135 62 239
car 1018 113 126 261
car 563 137 22 237
car 0 142 54 232
car 554 135 19 239
car 417 123 57 251
car 0 146 40 228
car 672 133 9 241
car 444 130 30 244
car 424 133 31 241
bicycle 891 142 49 232
bicycle 990 144 59 230
car 0 109 342 265
truck 506 120 41 254
