person 944 122 9 252
person 927 125 9 249
person 931 123 18 251
person 946 121 26 253
person 1006 108 18 266
person 978 111 33 263
person 974 105 33 269
person 899 120 31 254
person 1014 110 37 264
person 1091 96 44 278
person 1139 92 49 282
person 1223 74 45 300
person 642 132 5 242
person 634 129 10 245
person 619 126 14 248
person 533 117 19 257
person 518 123 14 251
person 450 110 22 264
person 495 124 22 250
person 384 116 14 258
person 397 109 26 265
person 207 107 27 267
person 210 120 25 254
person 276 103 35 271
person 93 94 34 280
person 160 92 46 282
person 733 133 11 241
person 236 88 49 286
person 686 125 14 249
