person 794 104 12 270
person 829 109 8 265
person 837 120 26 254
person 947 106 25 268
person 1235 105 21 269
person 1021 114 22 260
person 1048 105 29 269
person 858 107 24 267
person 873 100 34 274
person 901 103 34 271
person 301 110 13 264
person 322 106 10 268
person 347 107 22 267
person 324 106 31 268
person 359 108 16 266
person 150 97 31 277
person 175 110 27 264
person 190 106 31 268
person 108 109 45 265
person 4 115 24 259
person 63 116 27 258
person 23 122 25 252
person 365 102 28 272
person 335 144 34 230
