person 145 112 19 262
person 650 127 11 247
person 664 125 16 249
person 681 126 14 248
person 639 124 12 250
person 627 125 15 249
person 614 122 14 252
person 576 114 9 260
person 581 122 13 252
person 592 119 21 255
person 562 115 21 259
person 690 117 26 257
person 534 116 31 258
person 486 112 19 262
person 494 114 24 260
person 521 167 11 207
person 511 109 34 265
person 426 115 31 259
person 472 114 14 260
person 1008 110 37 264
person 965 105 48 269
person 260 96 34 278
person 1183 109 14 265
person 1156 110 32 264
person 1179 117 47 257
person 692 136 20 238
person 1228 111 39 263
