person 29 97 13 277
person 431 113 12 261
person 546 99 18 275
person 520 100 27 274
person 446 65 63 309
person 1208 99 31 275
person 179 92 13 282
person 1131 100 16 274
person 1101 103 13 271
person 1083 107 31 267
person 1110 91 31 283
person 1109 137 30 237
person 1139 97 43 277
person 165 92 21 282
person 206 91 18 283
person 193 95 25 279
person 834 115 22 259
person 821 97 12 277
person 758 107 26 267
person 799 93 38 281
person 760 108 39 266
person 650 96 16 278
person 623 92 37 282
person 594 81 28 293
person 606 91 53 283
person 572 89 48 285
person 663 86 54 288
person 704 92 49 282
person 880 99 16 275
person 851 102 44 272
person 899 97 21 277
person 718 79 57 295
person 300 81 72 293
person 1256 106 9 268
person 1048 85 40 289
person 224 82 70 292
person 639 83 61 291
person 542 138 18 236
person 495 88 52 286
