person 626 123 8 251
person 715 125 9 249
person 506 115 11 259
person 516 110 13 264
person 531 114 13 260
person 484 115 14 259
person 748 124 8 250
person 418 120 17 254
person 451 119 16 255
person 467 111 19 263
person 408 119 23 255
person 332 106 19 268
person 310 110 20 264
person 74 96 10 278
person 1207 112 23 262
person 1242 118 23 256
person 915 105 8 269
person 1106 83 56 291
person 1161 87 52 287
person 231 102 11 272
person 211 97 24 277
person 634 122 11 252
person 358 87 45 287
person 808 114 18 260
