person 338 102 13 272
person 627 107 5 267
person 632 106 15 268
person 599 97 26 277
person 619 119 17 255
person 408 110 24 264
person 750 105 26 269
person 722 109 11 265
person 722 106 32 268
person 645 112 22 262
person 668 104 19 270
person 680 113 24 261
person 251 109 22 265
person 223 106 18 268
person 204 106 20 268
person 170 100 35 274
person 115 107 21 267
person 568 89 27 285
person 530 96 17 278
person 526 87 52 287
person 490 81 18 293
person 475 72 14 302
person 432 78 33 296
person 491 101 8 273
person 495 91 47 283
person 450 76 59 298
person 358 53 50 321
person 125 106 38 268
person 298 92 48 282
