person 6 133 16 241
person 72 138 11 236
person 426 147 11 227
person 60 135 13 239
person 439 130 14 244
person 447 127 22 247
person 539 144 14 230
person 598 147 12 227
person 700 142 20 232
person 723 143 16 231
person 648 133 19 241
person 635 151 14 223
person 665 160 16 214
person 989 127 30 247
person 1116 115 33 259
person 1173 97 35 277
person 121 133 13 241
person 134 132 14 242
person 183 136 13 238
person 198 134 14 240
person 302 145 9 229
person 291 144 13 230
person 254 133 17 241
person 237 129 13 245
person 216 140 11 234
