person 703 133 8 241
person 714 130 9 244
person 727 129 12 245
person 738 126 14 248
person 576 127 5 247
person 563 130 9 244
person 541 127 9 247
person 467 123 11 251
person 475 124 11 250
person 483 118 16 256
person 439 123 14 251
person 415 118 11 256
person 422 119 21 255
person 401 119 15 255
person 805 122 13 252
person 1106 112 19 262
person 1157 110 14 264
person 1161 106 32 268
person 1128 105 42 269
person 1193 107 44 267
person 1246 107 26 267
person 1073 100 45 274
person 1017 104 41 270
person 510 125 18 249
person 488 120 23 254
person 766 99 41 275
