person 52 174 22 200
person 80 174 6 200
person 820 72 77 302
person 867 60 94 314
person 440 253 32 121
person 703 71 80 303
person 522 62 35 312
person 511 73 49 301
person 492 93 36 281
person 531 168 73 206
person 453 62 69 312
person 409 51 83 323
person 416 66 62 308
person 365 49 65 325
person 144 52 48 322
person 57 14 123 360
person 13 199 31 175
person 3 92 27 282
person 226 40 93 334
person 222 236 63 138
person 206 47 116 327
person 580 43 95 331
person 294 37 132 337
person 599 32 111 342
person 524 30 114 344
person 1138 17 135 357
person 1036 68 51 306
person 1040 66 92 308
