person 1252 93 11 281
person 1168 62 55 312
person 1001 69 94 305
person 1067 27 132 347
person 996 46 90 328
person 1029 30 145 344
person 757 71 60 303
person 826 84 83 290
person 766 66 93 308
person 685 70 73 304
person 720 50 89 324
person 781 44 140 330
person 872 39 126 335
person 608 84 26 290
person 616 60 80 314
person 560 39 75 335
person 552 161 20 213
person 168 79 73 295
person 428 54 88 320
person 474 8 149 366
person 159 62 50 312
person 99 50 85 324
person 4 40 92 334
person 186 84 88 290
person 256 32 114 342
person 235 91 74 283
