person 125 139 11 235
person 281 136 8 238
person 270 128 13 246
person 350 129 15 245
person 568 136 5 238
person 655 141 5 233
person 661 131 9 243
person 691 133 7 241
person 678 128 13 246
person 776 133 5 241
person 683 90 55 284
person 727 127 36 247
person 709 112 47 262
person 1217 135 8 239
person 1170 169 24 205
person 1137 110 22 264
person 1078 120 30 254
person 1086 104 42 270
person 1034 101 46 273
person 973 110 19 264
person 818 115 24 259
person 837 109 24 265
person 872 103 12 271
person 849 108 26 266
person 896 101 16 273
person 860 99 40 275
person 940 105 36 269
person 896 103 46 271
person 985 101 36 273
person 1157 92 40 282
