person 599 108 8 266
person 971 96 29 278
person 917 81 44 293
person 968 126 28 248
person 1008 79 44 295
person 704 110 9 264
person 735 110 6 264
car 3 112 152 262
car 990 93 276 281
car 804 102 108 272
car 211 96 145 278
car 614 112 68 262
car 152 102 130 272
car 788 109 40 265
car 745 112 24 262
car 757 109 34 265
car 558 112 34 262
car 388 102 71 272
car 531 112 31 262
car 282 112 83 262
car 12 99 267 275
car 534 109 52 265
car 714 106 24 268
car 282 93 127 281
car 959 93 127 281
car 714 115 21 259
car 493 102 37 272
car 3 112 34 262
car 413 99 52 275
car 413 96 83 278
car 183 78 211 296
