person 587 131 8 243
person 532 110 21 264
person 617 130 6 244
person 703 128 8 246
person 163 78 25 296
person 134 79 52 295
person 77 106 26 268
person 84 117 22 257
person 101 129 26 245
person 4 86 21 288
person 555 107 26 267
person 182 99 21 275
car 1015 56 254 318
car 617 121 83 253
car 729 124 37 250
car 708 124 24 250
car 509 112 34 262
bicycle 27 124 105 250
bicycle 944 121 31 253
bicycle 562 137 15 237
car 456 89 65 285
car 431 112 71 262
bicycle 976 130 60 244
truck 770 36 155 338
car 201 48 239 326
