person 428 104 6 270
person 371 96 18 278
person 681 114 6 260
person 440 100 11 274
person 354 95 6 279
person 471 112 12 262
person 41 83 26 291
person 1245 69 27 305
person 972 99 9 275
person 986 94 12 280
person 252 86 37 288
car 363 106 102 268
car 3 96 201 278
car 1024 90 239 284
car 897 106 93 268
car 590 112 74 262
car 217 90 152 284
car 835 109 90 265
car 459 115 65 259
car 1133 133 133 241
car 953 96 152 278
car 71 96 170 278
car 512 99 62 275
car 562 115 40 259
car 822 109 37 265
car 667 109 24 265
car 795 112 34 262
bicycle 807 115 31 259
bicycle 689 53 86 321
bus 689 53 86 321
