person 906 71 9 303
person 892 72 8 302
person 878 73 6 301
person 1012 79 19 295
person 1214 69 21 305
person 1253 71 14 303
person 658 73 25 301
person 598 75 18 299
person 567 79 11 295
person 554 82 14 292
person 543 75 26 299
person 572 76 23 298
person 595 22 73 352
person 596 30 95 344
person 330 66 20 308
person 327 21 106 353
person 359 69 94 305
person 778 50 81 324
person 690 83 93 291
person 455 65 30 309
person 474 74 32 300
person 292 65 36 309
person 284 88 11 286
person 242 72 18 302
person 204 68 26 306
person 250 71 18 303
person 221 74 28 300
person 257 58 31 316
person 883 81 8 293
car 751 78 52 296
car 841 74 31 300
car 676 78 68 296
car 894 65 27 309
car 928 71 34 303
car 739 87 34 287
bus 720 40 121 334
