person 225 148 11 226
person 213 149 13 225
person 621 143 6 231
person 616 139 6 235
person 4 148 29 226
person 665 146 5 228
person 699 134 9 240
person 831 124 9 250
person 836 123 14 251
person 820 126 16 248
car 975 93 214 281
car 1093 81 173 293
car 226 152 65 222
car 149 155 80 219
car 391 152 27 222
car 447 149 27 225
car 363 152 27 222
car 347 152 24 222
car 465 152 18 222
car 310 155 31 219
car 276 152 37 222
car 481 152 18 222
car 329 158 18 216
car 381 152 18 222
car 295 155 21 219
car 590 143 15 231
car 701 130 40 244
