person 173 97 8 277
person 179 87 28 287
person 158 98 21 276
person 136 102 22 272
person 77 107 21 267
person 91 96 22 278
person 48 101 14 273
person 59 83 31 291
person 321 97 20 277
person 304 100 18 274
person 291 89 15 285
person 254 94 25 280
person 231 96 28 278
person 275 81 26 293
person 426 103 22 271
person 572 100 9 274
person 563 115 9 259
person 553 105 11 269
person 543 106 16 268
person 621 101 18 273
person 621 95 25 279
person 688 105 13 269
person 675 97 22 277
person 652 106 22 268
person 755 100 26 274
person 878 92 14 282
person 834 96 20 278
person 993 86 15 288
person 1004 98 16 276
person 1052 88 25 286
person 1042 93 25 281
person 1091 114 22 260
person 1109 63 23 311
person 1114 51 47 323
person 608 104 15 270
person 706 105 12 269
person 1004 150 67 224
car 807 99 248 275
car 1102 78 161 296
bicycle 170 146 177 228
bicycle 462 133 62 241
bicycle 791 121 31 253
bicycle 121 130 71 244
bicycle 375 133 65 241
bicycle 329 133 59 241
bicycle 409 133 62 241
bicycle 728 137 52 237
bicycle 322 161 46 213
