person 657 110 11 264
person 741 107 6 267
person 766 107 8 267
person 758 106 10 268
person 791 101 21 273
person 621 96 14 278
person 503 106 18 268
person 416 103 27 271
person 344 107 18 267
person 316 107 16 267
person 322 106 19 268
person 603 125 10 249
car 976 34 271 340
car 852 99 161 275
car 821 104 62 270
car 700 110 41 264
car 680 110 29 264
car 670 114 12 260
truck 754 96 37 278
car 523 114 41 260
car 563 112 13 262
car 98 106 167 268
car 0 99 48 275
car 430 99 47 275
car 472 99 34 275
car 652 98 32 276
