person 230 120 11 254
person 216 116 12 258
person 243 113 8 261
person 134 106 23 268
person 134 113 16 261
person 191 118 14 256
person 405 109 10 265
person 414 109 6 265
person 391 110 13 264
person 370 108 12 266
person 477 104 13 270
person 481 98 24 276
person 513 105 20 269
person 508 104 13 270
person 544 109 9 265
person 559 112 6 262
person 712 108 14 266
person 698 106 16 268
person 687 104 16 270
person 668 108 22 266
person 732 137 6 237
person 1247 88 21 286
person 888 97 22 277
person 910 98 18 276
person 931 94 25 280
person 498 102 11 272
person 413 101 24 273
car 1027 90 229 284
car 956 84 149 290
car 1198 109 71 265
car 580 115 24 259
car 599 115 21 259
car 1158 81 105 293
car 739 90 90 284
bus 624 90 48 284
bicycle 388 130 67 244
