person 373 129 9 245
person 138 125 11 249
person 165 117 13 257
person 395 118 13 256
person 385 119 13 255
person 769 106 5 268
person 1091 51 80 323
person 196 122 16 252
person 585 99 25 275
person 339 108 13 266
motorbike 577 130 40 244
car 680 106 121 268
car 180 133 86 241
car 12 130 189 244
car 425 118 96 256
car 223 118 96 256
car 310 130 40 244
car 0 127 18 247
car 645 112 24 262
car 633 115 18 259
car 617 118 21 256
car 670 102 37 272
car 658 106 34 268
car 350 124 24 250
car 409 118 37 256
car 223 115 99 259
car 751 121 208 253
