person 995 98 34 276
person 970 81 36 293
person 1000 91 40 283
person 1041 66 67 308
person 1134 68 67 306
person 1198 122 44 252
person 350 126 7 248
person 288 119 15 255
person 101 114 31 260
person 652 120 14 254
person 635 122 14 252
car 232 130 55 244
car 291 130 52 244
car 161 127 90 247
car 326 124 102 250
car 745 121 65 253
car 447 127 59 247
car 649 121 18 253
car 617 124 21 250
car 714 121 18 253
car 416 127 21 247
car 708 121 12 253
car 633 118 15 256
bicycle 136 140 37 234
bus 670 106 37 268
car 745 118 18 256
car 731 93 59 281
