person 519 102 22 272
person 542 119 14 255
person 556 99 22 275
person 590 91 22 283
person 576 92 26 282
person 565 100 22 274
person 616 107 19 267
person 601 93 26 281
person 702 88 14 286
person 672 95 19 279
person 886 93 21 281
person 751 96 24 278
person 789 97 23 277
person 872 91 21 283
person 12 110 19 264
person 41 128 15 246
person 686 94 26 280
person 824 89 24 285
person 826 81 31 293
person 1026 80 32 294
person 1147 83 29 291
person 1249 79 19 295
person 190 104 21 270
traffic_light 0 -52 6 427
car 444 106 65 268
car 397 112 55 262
car 301 115 34 259
bicycle 658 121 68 253
bicycle 993 112 93 262
bicycle 1114 115 86 259
bicycle 1214 106 55 268
bicycle 170 133 62 241
bicycle 795 118 90 256
