person 1103 98 8 276
person 1068 96 9 278
person 1056 97 9 277
person 1047 101 7 273
person 1063 103 7 271
person 1094 103 5 271
person 1029 100 8 274
person 1014 106 11 268
person 973 99 9 275
person 621 115 7 259
person 633 114 9 260
person 570 114 8 260
person 578 117 9 257
person 591 119 5 255
person 594 110 11 264
person 548 114 8 260
person 558 115 10 259
person 498 112 15 262
person 488 115 12 259
person 460 112 16 262
person 376 114 16 260
person 166 111 13 263
person 666 114 12 260
person 680 101 21 273
person 698 103 21 271
person 721 101 21 273
person 536 110 16 264
person 128 98 35 276
person 53 87 34 287
person 146 112 24 262
person 60 128 24 246
car 773 102 298 272
bicycle 537 130 15 244
bicycle 45 166 50 208
bicycle 18 148 88 226
bicycle 111 158 71 216
bicycle 96 149 85 225
bicycle 180 143 34 231
