person 832 117 24 257
person 813 116 22 258
person 799 121 26 253
person 988 114 16 260
person 959 123 17 251
person 970 112 22 262
person 938 111 14 263
person 937 119 18 255
person 923 111 14 263
person 907 109 17 265
person 877 109 21 265
person 893 113 26 261
person 706 120 10 254
person 603 117 19 257
person 609 92 46 282
person 560 83 50 291
person 477 83 29 291
person 339 108 42 266
person 290 97 51 277
person 330 89 54 285
person 1205 60 59 314
car 1040 99 142 275
bicycle 1130 109 133 265
