person 640 120 6 254
person 633 115 6 259
person 654 117 6 257
person 499 108 19 266
person 463 111 16 263
person 445 114 10 260
person 426 113 6 261
person 429 117 5 257
person 404 114 11 260
person 135 51 73 323
person 156 74 67 300
person 861 32 87 342
person 513 30 86 344
person 535 51 68 323
person 265 61 75 313
person 309 38 78 336
person 339 32 93 342
person 678 112 6 262
person 719 102 17 272
person 733 104 12 270
person 734 51 86 323
person 514 116 8 258
person 683 111 11 263
car 676 115 18 259
bicycle 676 127 18 247
bicycle 698 109 27 265
car 695 112 31 262
