person 538 122 5 252
person 290 120 13 254
person 278 122 14 252
person 59 43 115 331
person 409 69 50 305
person 431 68 91 306
person 554 122 6 252
person 547 120 6 254
person 610 120 6 254
person 619 122 7 252
person 631 119 6 255
person 646 118 11 256
person 765 109 14 265
person 816 97 10 277
person 821 102 16 272
person 927 94 7 280
person 944 99 8 275
person 888 79 60 295
person 765 65 75 309
person 1001 65 68 309
person 1065 76 55 298
car 124 133 37 241
car 1009 62 260 312
car 6 133 59 241
car 183 127 37 247
car 195 121 55 253
