person 869 101 39 273
person 397 88 25 286
car 611 96 102 278
car 742 102 31 272
car 773 96 40 278
car 562 99 34 275
car 121 96 121 278
car 316 99 80 275
car 3 93 226 281
car 760 99 34 275
car 779 96 59 278
car 214 96 145 278
car 413 99 55 275
car 729 102 34 272
car 714 102 21 272
car 795 90 114 284
car 602 102 15 272
car 704 106 18 268
car 444 96 55 278
car 220 106 80 268
car 496 112 31 262
car 462 106 62 268
bicycle 968 124 31 250
bicycle 52 118 105 256
bicycle 394 126 24 248
car 437 74 114 300
