person 83 116 12 258
person 196 110 14 264
person 162 93 18 281
person 165 90 44 284
person 232 94 45 280
person 466 101 21 273
person 614 102 26 272
person 769 106 10 268
person 788 112 7 262
person 1255 99 13 275
person 39 104 18 270
person 162 102 36 272
person 406 98 26 276
car 913 109 31 265
bicycle 388 124 65 250
bicycle 611 118 34 256
bicycle 18 140 77 234
bicycle 658 127 21 247
car 801 114 42 260
car 849 114 10 260
car 860 115 26 259
car 872 107 27 267
car 900 109 17 265
bicycle 114 133 105 241
