person 604 64 12 310
person 596 66 10 308
person 621 63 11 311
person 630 59 14 315
person 394 74 6 300
person 400 69 9 305
person 431 69 10 305
person 441 67 12 307
person 463 69 10 305
person 455 72 8 302
person 503 65 9 309
person 743 51 16 323
person 722 55 27 319
person 754 59 26 315
person 1047 65 34 309
person 1001 32 52 342
person 1194 74 24 300
person 1245 61 23 313
person 1227 43 26 331
person 1188 36 52 338
person 53 81 15 293
person 5 80 14 294
person 17 80 18 294
person 508 55 38 319
person 468 36 67 338
car 263 62 65 312
bicycle 558 87 31 287
bicycle 574 84 31 290
bicycle 608 96 34 278
bicycle 593 93 34 281
bicycle 549 84 27 290
bicycle 565 93 18 281
motorbike 652 99 99 275
motorbike 633 74 43 300
car 133 47 145 327
