person 532 115 22 259
person 507 121 26 253
person 446 100 41 274
person 294 53 106 321
person 259 14 102 360
person 283 40 126 334
person 539 79 66 295
person 570 91 63 283
person 726 30 103 344
person 649 32 124 342
person 586 31 131 343
person 888 104 19 270
person 874 104 28 270
person 916 118 16 256
person 978 163 11 211
person 930 88 33 286
person 966 95 25 279
person 976 65 52 309
person 827 83 59 291
person 983 42 98 332
person 998 36 106 338
bicycle 1086 146 130 228
bicycle 1167 149 96 225
car 622 124 26 250
