person 896 135 13 239
person 911 135 13 239
person 926 124 29 250
person 947 120 29 254
person 1244 78 25 296
person 795 110 25 264
person 816 113 23 261
person 834 113 22 261
person 814 114 26 260
person 212 145 15 229
person 208 146 8 228
person 260 152 6 222
person 240 150 18 224
person 260 122 31 252
person 532 136 6 238
person 531 136 22 238
motorbike 524 165 31 209
car 354 143 71 231
car 717 143 18 231
car 676 140 43 234
car 487 146 40 228
car 462 146 31 228
car 478 146 21 228
car 406 146 24 228
bus 735 115 59 259
car 577 140 43 234
car 636 146 27 228
car 614 143 21 231
car 416 140 46 234
