person 670 91 28 283
person 717 94 6 280
person 695 89 32 285
person 708 92 45 282
person 808 93 16 281
person 803 102 37 272
person 731 100 44 274
person 742 86 36 288
person 770 94 44 280
person 860 100 37 274
person 617 98 33 276
person 648 90 22 284
person 621 101 32 273
person 549 101 31 273
person 570 96 54 278
person 483 103 16 271
person 443 92 21 282
person 288 73 18 301
person 378 82 29 292
person 380 83 40 291
person 427 96 22 278
person 448 91 45 283
person 437 122 34 252
person 485 96 41 278
person 318 88 46 286
person 363 91 22 283
person 254 81 31 293
person 267 85 36 289
person 295 80 54 294
person 335 96 54 278
person 227 96 33 278
person 163 83 27 291
person 142 95 20 279
person 200 92 40 282
person 147 92 52 282
person 171 88 55 286
person 36 122 26 252
person 4 72 22 302
person 15 86 49 288
person 4 79 45 295
person 58 86 54 288
person 105 79 45 295
person 149 112 51 262
person 514 96 21 278
person 838 179 26 195
person 239 176 26 198
