person 878 98 6 276
person 959 96 15 278
person 485 107 8 267
person 582 109 11 265
person 604 97 36 277
person 547 113 11 261
person 395 99 6 275
person 752 106 14 268
person 558 109 6 265
bus 633 50 86 324
car 847 106 124 268
car 928 59 301 315
car 776 106 99 268
car 357 99 93 275
car 288 106 77 268
car 434 112 55 262
car 481 109 52 265
car 757 115 34 259
car 534 115 24 259
car 245 109 62 265
car 472 115 34 259
car 751 106 27 268
car 574 115 46 259
car 1086 68 180 306
car 0 47 254 327
motorbike 0 47 254 327
car 0 47 254 327
