person 622 99 24 275
person 698 99 16 275
person 780 100 12 274
person 787 70 32 304
person 802 83 27 291
person 812 69 47 305
person 910 61 31 313
person 855 74 32 300
person 876 54 57 320
person 345 112 12 262
person 311 110 20 264
person 332 107 12 267
person 212 114 14 260
person 151 78 22 296
person 183 102 19 272
person 157 85 39 289
person 36 94 21 280
person 837 76 24 298
person 66 92 34 282
car 428 109 183 265
car 183 115 192 259
car 1195 96 71 278
bicycle 854 115 65 259
bicycle 714 360 68 14
car 897 0 363 332
bicycle 68 127 55 247
bicycle 4 140 78 234
