person 387 140 16 234
person 258 146 26 228
person 242 151 31 223
person 94 127 33 247
person 37 112 42 262
person 1055 105 51 269
person 1122 100 56 274
person 1169 106 50 268
person 1222 119 43 255
person 1244 189 12 185
car 708 143 80 231
car 590 143 77 231
car 667 143 40 231
car 322 140 65 234
car 400 143 49 231
car 543 140 24 234
car 509 140 31 234
car 565 143 18 231
car 704 143 18 231
car 534 140 24 234
car 499 140 18 234
car 586 143 15 231
car 779 146 34 228
car 459 140 24 234
bicycle 108 158 108 216
bicycle 1111 165 24 209
car 813 133 37 241
car 798 129 248 245
