person 660 112 9 262
person 735 119 12 255
person 702 125 9 249
person 724 117 11 257
person 445 106 16 268
person 433 108 11 266
person 209 102 11 272
person 94 96 16 278
person 203 102 6 272
person 177 101 27 273
person 77 98 29 276
person 98 74 44 300
person 150 76 36 298
person 258 96 15 278
person 298 93 20 281
person 286 94 17 280
person 337 93 18 281
person 325 93 14 281
person 318 99 18 275
person 885 110 21 264
person 851 112 26 262
person 948 104 37 270
person 1016 107 18 267
person 989 107 29 267
person 1094 81 49 293
motorbike 267 93 136 281
car 0 96 86 278
car 133 99 24 275
bicycle 1093 205 173 169
bicycle 1043 208 192 166
bicycle 1024 192 158 182
bicycle 937 161 183 213
bicycle 911 168 93 206
bicycle 875 161 68 213
bicycle 855 161 46 213
motorbike 798 138 108 236
motorbike 775 132 66 242
motorbike 751 133 37 241
motorbike 735 129 29 245
