person 168 79 9 295
person 172 80 16 294
person 149 76 22 298
person 111 78 14 296
person 84 67 18 307
person 263 81 9 293
person 298 83 8 291
person 325 108 5 266
person 293 80 8 294
person 297 75 29 299
person 271 69 32 305
person 330 107 5 267
person 486 106 8 268
person 421 106 9 268
person 429 106 8 268
person 445 106 5 268
person 449 106 8 268
person 440 102 6 272
person 465 107 9 267
person 504 104 10 270
person 717 99 6 275
person 709 102 11 272
person 697 97 14 277
person 738 98 14 276
person 720 93 19 281
person 767 99 13 275
person 752 91 22 283
person 788 98 14 276
person 799 82 32 292
person 841 93 15 281
person 826 83 19 291
person 863 92 22 282
person 940 91 15 283
person 1183 98 11 276
person 1199 86 9 288
person 1049 90 11 284
person 1147 89 32 285
person 941 81 40 293
person 598 87 50 287
car 512 90 170 284
bicycle 1124 121 121 253
bicycle 1068 121 55 253
