person 789 106 7 268
person 1073 69 39 305
person 1061 82 9 292
person 1066 85 32 289
person 430 108 9 266
person 434 108 11 266
person 940 86 6 288
person 393 104 13 270
person 408 106 11 268
person 339 100 22 274
person 191 97 12 277
person 163 92 24 282
person 142 89 16 285
person 71 73 17 301
person 696 108 6 266
person 801 102 9 272
person 749 105 10 269
person 854 92 8 282
person 869 70 54 304
person 923 84 24 290
person 937 111 9 263
person 1164 73 39 301
person 1231 36 37 338
person 1191 59 59 315
person 1250 77 18 297
person 445 99 19 275
person 341 88 34 286
person 262 68 47 306
traffic_light 0 0 9 15
car 49 96 195 278
car 0 81 74 293
car 220 99 130 275
bicycle 254 121 55 253
bus 596 40 86 334
bicycle 341 137 31 237
car 447 96 102 278
car 568 102 24 272
car 524 93 43 281
motorbike 857 121 74 253
bicycle 819 115 55 259
bicycle 791 118 27 256
motorbike 714 109 27 265
