person 1202 111 11 263
person 1167 104 6 270
person 933 90 13 284
person 926 92 14 282
person 860 95 19 279
person 890 92 9 282
person 908 91 9 283
person 894 92 19 282
person 837 96 11 278
person 778 71 35 303
person 725 74 50 300
person 629 61 40 313
person 555 54 53 320
person 597 61 50 313
person 661 66 38 308
person 685 83 42 291
person 470 97 39 277
person 233 92 22 282
person 148 88 24 286
person 159 81 16 293
person 301 147 27 227
person 321 29 72 345
person 240 42 81 332
person 159 42 71 332
person 385 17 96 357
person 880 92 17 282
person 950 84 29 290
car 1133 109 62 265
bicycle 950 109 31 265
motorbike 913 106 77 268
motorbike 1220 118 49 256
bicycle 1254 140 12 234
bicycle 1211 121 18 253
