person 667 108 13 266
person 688 109 8 265
person 696 114 6 260
person 876 88 27 286
person 891 83 37 291
person 616 112 6 262
person 610 112 8 262
person 584 115 6 259
person 573 112 5 262
person 562 112 6 262
person 504 109 6 265
person 497 107 8 267
person 472 106 10 268
person 457 109 6 265
person 132 86 32 288
person 96 88 19 286
person 666 110 8 264
car 639 109 31 265
car 527 112 27 262
car 599 115 18 259
car 583 115 21 259
car 568 115 15 259
car 617 115 15 259
car 686 112 15 262
car 667 106 12 268
car 378 99 80 275
car 754 90 83 284
