person 842 65 5 309
person 1134 72 14 302
person 558 86 13 288
person 514 82 13 292
person 525 83 14 291
person 492 79 11 295
person 475 74 22 300
person 452 65 31 309
person 9 78 14 296
person 4 73 11 301
person 167 69 34 305
person 273 72 15 302
person 211 65 22 309
person 221 71 34 303
person 249 58 34 316
person 285 65 37 309
person 335 65 16 309
person 362 74 22 300
person 340 66 29 308
person 921 73 24 301
car 617 74 161 300
car 996 68 267 306
car 562 78 99 296
car 894 62 34 312
car 142 87 204 287
