person 478 103 33 271
person 473 118 9 256
person 477 104 29 270
person 504 102 36 272
person 420 119 11 255
person 424 112 29 262
person 390 121 9 253
person 395 110 33 264
person 340 131 9 243
person 371 114 10 260
person 377 110 19 264
person 345 107 34 267
person 444 100 38 274
person 324 120 11 254
person 236 106 12 268
person 304 125 24 249
person 292 117 9 257
person 275 110 24 264
person 239 111 13 263
person 219 114 18 260
person 199 115 17 259
person 180 112 8 262
person 270 112 9 262
person 249 98 31 276
person 115 124 19 250
person 94 124 30 250
person 1073 56 30 318
person 1069 94 24 280
person 157 123 14 251
person 144 125 14 249
person 173 124 6 250
person 396 115 31 259
car 77 121 254 253
car 531 43 425 331
car 0 109 55 265
car 558 115 24 259
car 524 118 27 256
