person 931 90 26 284
person 923 98 30 276
person 962 96 8 278
person 962 98 16 276
person 965 97 33 277
person 1158 92 8 282
person 1027 92 9 282
person 559 107 6 267
person 870 109 6 265
person 832 94 26 280
person 647 103 9 271
person 617 96 7 278
person 611 104 7 270
person 534 93 15 281
person 506 92 13 282
person 516 90 27 284
person 492 93 19 281
person 431 86 29 288
person 408 89 26 285
person 336 138 21 236
person 313 70 27 304
person 318 83 21 291
person 335 77 31 297
person 63 56 57 318
person 134 71 39 303
person 89 68 52 306
person 802 91 26 283
person 595 94 16 280
person 454 91 16 283
traffic_light 0 -130 6 505
car 978 99 201 275
car 1111 81 155 293
car 878 109 62 265
bicycle 444 118 31 256
car 619 92 220 282
