person 818 84 32 290
person 863 92 18 282
person 901 58 53 316
person 511 73 26 301
person 529 56 39 318
person 191 99 31 275
person 125 85 32 289
person 154 75 36 299
person 330 50 59 324
person 358 50 63 324
person 454 47 68 327
person 572 37 76 337
person 695 59 22 315
person 764 77 17 297
person 774 63 57 311
person 1016 81 31 293
person 980 69 55 305
person 915 91 45 283
person 1057 71 32 303
person 1129 82 29 292
person 1158 94 39 280
car 0 0 99 374
bicycle 630 115 108 259
bicycle 695 130 124 244
bicycle 214 118 59 256
