person 221 91 32 283
person 240 88 52 286
person 228 83 47 291
person 152 85 39 289
person 154 132 13 242
person 4 106 10 268
person 184 89 63 285
person 479 96 17 278
person 450 99 17 275
person 449 86 38 288
person 545 112 14 262
person 525 83 22 291
person 629 106 14 268
person 641 97 18 277
person 752 96 13 278
person 775 92 16 282
person 793 99 18 275
person 903 94 10 280
person 884 91 24 283
person 911 94 14 280
person 921 79 37 295
person 603 91 38 283
person 1101 88 5 286
person 1172 86 13 288
person 1034 58 60 316
person 1113 38 67 336
person 1251 37 18 337
person 322 97 23 277
truck 683 81 65 293
bicycle 291 140 80 234
bicycle 822 124 80 250
