person 816 179 10 195
person 791 66 73 308
person 875 69 26 305
person 932 104 31 270
person 894 53 69 321
person 825 66 78 308
person 1075 171 9 203
person 1050 63 36 311
person 1129 43 54 331
person 984 222 58 152
person 962 6 107 368
person 1070 0 93 304
person 662 112 12 262
person 667 112 21 262
person 468 110 6 264
person 473 112 6 262
person 472 113 14 261
person 476 132 8 242
person 503 102 21 272
person 506 103 19 271
person 486 105 16 269
person 704 81 65 293
person 583 109 16 265
traffic_light 493 -43 21 418
traffic_light 493 -39 15 414
bicycle 577 130 24 244
car 633 115 55 259
bicycle 487 140 21 234
