person 15 94 22 280
person 958 69 8 305
person 617 75 11 299
person 653 78 8 296
person 842 75 26 299
car 664 78 80 296
car 770 74 49 300
car 720 78 37 296
car 878 78 31 296
car 813 71 27 303
car 919 74 49 300
car 850 78 55 296
car 754 74 21 300
car 900 74 21 300
car 847 78 24 296
car 835 78 15 296
car 913 74 24 300
bicycle 841 109 15 265
bicycle 841 93 21 281
bicycle 602 84 31 290
bicycle 639 87 27 287
bicycle 621 87 31 287
bicycle 1111 138 110 236
bicycle 1068 135 68 239
bicycle 1009 117 68 257
bicycle 965 118 46 256
car 1032 74 47 300
car 1021 73 20 301
car 1014 71 15 303
