person 699 97 9 277
person 688 98 17 276
person 752 99 10 275
person 601 92 20 282
person 619 83 34 291
person 813 96 13 278
person 749 92 30 282
person 775 74 39 300
person 816 57 21 317
person 850 92 17 282
person 868 81 8 293
person 865 73 29 301
person 929 83 13 291
person 908 66 32 308
person 890 74 28 300
person 817 57 50 317
person 944 133 6 241
person 1029 87 13 287
person 1011 81 34 293
person 1047 80 29 294
person 1075 74 14 300
person 1091 75 13 299
person 1055 76 47 298
person 1122 89 14 285
person 1096 71 68 303
person 1144 69 50 305
person 1181 71 44 303
person 1225 66 43 308
person 940 35 60 339
person 647 99 15 275
person 668 97 15 277
bicycle 645 115 12 259
bicycle 667 121 21 253
