person 1194 89 34 285
person 849 143 8 231
person 862 147 7 227
person 873 148 7 226
person 880 147 11 227
person 807 141 18 233
person 826 137 27 237
person 1065 119 15 255
person 1050 122 31 252
person 1008 132 29 242
person 1222 97 29 277
person 1145 110 18 264
person 1163 111 20 263
person 1230 114 38 260
person 1135 121 26 253
person 896 142 7 232
person 899 142 13 232
person 720 99 68 275
person 682 98 54 276
person 473 141 21 233
person 454 145 19 229
person 447 151 15 223
person 443 154 14 220
person 455 154 22 220
person 408 137 16 237
person 401 145 18 229
person 391 140 22 234
person 355 136 29 238
person 371 135 34 239
person 322 135 21 239
person 336 137 37 237
person 213 132 14 242
person 212 147 32 227
person 191 151 28 223
person 265 147 25 227
person 923 78 74 296
person 935 64 83 310
person 788 146 17 228
person 834 173 11 201
person 822 173 9 201
car 447 143 161 231
bicycle 788 165 18 209
bicycle 996 177 68 197
car 840 149 38 225
car 667 148 98 226
