person 709 109 5 265
person 724 109 6 265
person 731 107 7 267
person 808 100 13 274
person 821 100 14 274
person 844 96 6 278
person 867 87 24 287
person 968 85 29 289
person 896 92 26 282
person 1094 40 36 334
person 1175 90 24 284
person 1120 35 66 339
person 1229 92 21 282
person 1260 88 8 286
person 1197 86 45 288
car 829 109 133 265
car 928 87 260 287
car 285 118 80 256
car 139 115 139 259
car 1102 102 167 272
car 751 106 59 268
car 795 106 102 268
car 341 115 65 259
car 465 112 55 262
car 726 93 68 281
car 509 115 27 259
car 723 106 40 268
car 717 109 21 265
car 456 115 15 259
car 335 84 118 290
car 0 15 152 359
