person 944 96 22 278
person 1130 86 8 288
person 1198 75 29 299
person 1244 61 25 313
person 677 102 11 272
person 653 110 7 264
person 637 114 6 260
person 608 106 9 268
person 594 107 6 267
person 599 108 10 266
person 586 105 8 269
person 579 107 8 267
person 567 106 11 268
person 555 106 9 268
person 542 104 9 270
person 531 108 8 266
person 521 107 7 267
person 514 105 9 269
person 458 105 5 269
person 463 107 9 267
person 442 110 6 264
person 431 102 9 272
person 416 104 14 270
person 398 101 6 273
person 382 102 11 272
person 392 102 9 272
person 399 102 14 272
person 355 101 6 273
person 359 99 16 275
person 344 98 15 276
person 288 100 9 274
person 301 102 12 272
person 119 100 16 274
person 762 71 27 303
traffic_light 990 59 15 315
car 689 112 124 262
car 254 106 99 268
car 27 112 152 262
car 916 106 59 268
car 649 106 31 268
bicycle 1121 106 139 268
