person 725 122 8 252
person 576 123 5 251
person 404 125 12 249
person 391 125 13 249
person 372 123 14 251
person 16 122 16 252
person 4 124 8 250
person 664 121 8 253
person 659 124 6 250
person 653 121 7 253
person 644 127 6 247
person 637 125 8 249
person 629 125 8 249
person 624 123 6 251
person 618 121 8 253
person 605 124 7 250
person 599 124 8 250
person 593 124 8 250
person 579 125 7 249
person 586 125 8 249
bus 841 6 239 368
bus 732 71 65 303
bus 804 65 40 309
bus 1235 0 34 227
car 142 140 130 234
car 0 127 155 247
car 760 118 77 256
car 291 124 96 250
car 667 121 52 253
car 378 137 59 237
car 543 130 27 244
truck 1034 0 223 245
car 422 96 74 278
car 484 118 55 256
