person 1135 68 9 306
person 737 79 11 295
person 729 83 10 291
person 755 84 9 290
person 541 87 17 287
person 667 84 7 290
person 695 87 7 287
person 681 84 8 290
person 688 87 11 287
person 672 86 9 288
person 676 88 13 286
person 658 85 11 289
person 659 87 11 287
person 627 91 6 283
person 642 84 9 290
person 649 86 10 288
person 629 84 14 290
person 617 84 11 290
person 1150 71 11 303
person 749 86 8 288
person 464 84 25 290
car 788 62 68 312
motorbike 1149 74 15 300
car 990 62 127 312
car 962 78 27 296
car 1093 68 31 306
car 916 81 24 293
car 990 78 12 296
car 1043 62 71 312
bicycle 456 118 37 256
car 813 68 124 306
truck 916 43 62 331
car 1113 74 29 300
