person 630 90 6 284
person 511 94 8 280
person 506 92 6 282
person 490 89 11 285
person 476 97 14 277
person 502 102 11 272
person 485 99 22 275
person 523 105 18 269
person 686 91 7 283
person 694 88 6 286
person 721 96 8 278
person 737 92 8 282
person 745 94 11 280
person 755 94 11 280
person 765 99 13 275
person 714 88 6 286
person 788 98 6 276
person 787 100 9 274
person 902 96 9 278
person 937 97 8 277
person 1048 87 24 287
person 1056 87 41 287
person 1096 93 21 281
person 1132 96 21 278
person 1160 92 30 282
person 1219 78 33 296
person 1245 83 23 291
person 1248 94 21 280
person 592 88 6 286
person 597 87 6 287
person 608 91 6 283
car 953 102 295 272
car 875 102 152 272
car 1149 137 121 237
motorbike 357 109 55 265
bicycle 409 109 59 265
motorbike 701 102 43 272
car 829 102 55 272
car 801 95 57 279
car 779 96 49 278
car 549 93 42 281
