person 861 109 5 265
person 867 107 6 267
person 876 107 15 267
person 808 105 8 269
person 811 109 18 265
person 831 110 16 264
person 699 109 8 265
person 1051 104 6 270
person 1045 102 6 272
person 1029 98 6 276
person 1032 100 5 274
person 1018 100 9 274
person 1035 97 11 277
person 1023 107 12 267
person 864 28 102 346
person 892 40 108 334
person 640 115 8 259
person 624 114 8 260
person 549 117 6 257
person 554 117 7 257
person 560 118 6 256
person 566 115 12 259
person 458 106 21 268
person 450 122 10 252
person 424 117 17 257
person 398 99 26 275
person 364 95 30 279
person 325 120 9 254
person 178 115 12 259
person 555 42 86 332
person 328 115 18 259
person 271 101 23 273
person 69 84 33 290
person 52 128 26 246
car 1031 87 201 287
car 1031 87 201 287
bicycle 31 165 52 209
bicycle 46 142 83 232
bicycle 116 145 85 229
bicycle 194 146 19 228
bicycle 278 135 10 239
bicycle 326 143 21 231
