person 594 76 5 298
person 539 88 7 286
person 550 84 8 290
person 529 85 13 289
person 513 89 12 285
person 647 74 6 300
person 654 71 7 303
person 662 76 6 298
person 670 79 6 295
person 878 73 16 301
person 908 69 13 305
person 986 69 14 305
person 1239 25 20 349
person 460 53 61 321
person 662 89 8 285
person 828 68 16 306
person 1013 55 39 319
person 620 88 6 286
person 655 84 6 290
car 354 71 139 303
car 630 78 34 296
car 568 81 21 293
bicycle 714 360 68 14
bicycle 478 137 43 237
bicycle 807 93 55 281
car 658 79 136 295
