person 721 127 6 247
person 760 132 6 242
person 798 128 6 246
person 455 99 36 275
car 931 102 338 272
car 0 96 170 278
car 288 127 111 247
car 816 109 204 265
car 142 106 149 268
car 527 130 40 244
car 791 102 136 272
car 739 133 37 241
car 760 127 59 247
car 490 130 40 244
car 366 124 93 250
car 400 118 108 256
car 698 127 18 247
car 546 130 21 244
bicycle 456 149 37 225
car 593 132 36 242
car 664 130 27 244
car 627 133 12 241
car 639 133 12 241
car 697 118 19 256
car 717 133 24 241
car 706 140 19 234
