person 110 103 8 271
person 198 114 12 260
person 289 102 11 272
person 324 104 7 270
person 942 40 57 334
person 1010 102 34 272
person 1040 54 61 320
person 649 97 5 277
person 697 88 16 286
person 729 85 19 289
person 748 84 23 290
person 766 84 16 290
person 754 78 32 296
car 295 115 59 259
car 239 106 65 268
car 596 96 59 278
car 627 106 68 268
car 496 106 24 268
car 546 102 21 272
car 422 106 40 268
car 565 102 24 272
car 465 106 21 268
car 925 81 108 293
car 378 109 24 265
car 346 104 38 270
car 341 117 39 257
