person 109 104 40 270
person 198 128 29 246
person 369 99 38 275
person 531 65 75 309
person 452 79 83 295
person 665 83 48 291
person 835 96 9 278
person 852 88 19 286
person 651 108 58 266
person 761 87 31 287
person 703 41 73 333
person 821 91 72 283
person 776 53 80 321
person 1001 92 13 282
person 1011 83 23 291
person 932 62 47 312
person 909 82 59 292
person 1108 106 42 268
person 963 86 65 288
person 1145 0 119 280
person 265 103 38 271
bicycle 1124 143 145 231
bicycle 944 152 102 222
bicycle 586 137 74 237
