person 511 110 9 264
person 503 110 6 264
person 528 115 13 259
person 426 107 13 267
person 411 109 15 265
person 345 110 14 264
person 331 109 12 265
person 306 112 7 262
person 958 98 20 276
person 1096 85 19 289
car 975 99 295 275
car 350 112 86 262
car 956 102 108 272
car 599 87 180 287
car 577 109 40 265
car 487 115 34 259
car 416 115 52 259
car 447 112 55 262
car 754 90 49 284
car 527 112 24 262
car 515 115 27 259
car 565 115 15 259
car 552 115 15 259
bicycle 245 130 62 244
truck 0 0 245 202
car 795 15 161 359
