person 1078 107 14 267
person 1088 106 13 268
person 1097 97 18 277
person 1119 100 10 274
person 854 123 7 251
person 844 120 7 254
person 1207 82 32 292
person 1150 63 63 311
person 1240 77 16 297
person 1242 58 26 316
person 949 83 49 291
person 1027 78 52 296
person 873 56 72 318
person 780 96 12 278
person 742 105 24 269
person 778 135 13 239
person 758 93 34 281
person 765 69 75 305
person 706 83 32 291
person 649 79 57 295
person 614 67 61 307
person 572 107 24 267
person 51 110 30 264
person 77 108 26 266
person 151 120 30 254
person 463 119 19 255
person 232 118 31 256
person 278 99 16 275
person 391 113 39 261
person 368 119 23 255
person 337 101 45 273
person 464 89 50 285
person 1015 108 13 266
person 1139 88 13 286
person 1135 89 12 285
car 857 112 40 262
car 987 112 18 262
bicycle 242 155 145 219
bicycle 1102 121 18 253
