person 793 120 6 254
person 828 125 5 249
person 640 114 8 260
person 614 112 11 262
person 603 117 9 257
person 531 119 9 255
person 510 106 21 268
person 488 106 18 268
person 393 98 32 276
person 367 99 41 275
person 327 100 41 274
person 336 119 28 255
person 258 112 11 262
person 264 102 35 272
person 285 98 40 276
person 229 95 32 279
person 240 103 28 271
person 203 96 18 278
person 212 98 38 276
person 162 80 60 294
person 156 89 47 285
person 1009 110 9 264
person 1017 110 9 264
person 969 119 10 255
person 1024 104 22 270
person 1068 107 18 267
person 1112 106 14 268
person 1124 106 13 268
person 1134 103 12 271
person 1152 105 6 269
person 1159 100 8 274
person 1138 101 19 273
person 1157 101 21 273
person 806 122 6 252
person 134 89 40 285
car 869 118 114 256
car 857 118 37 256
car 841 121 34 253
car 835 124 21 250
bicycle 121 146 40 228
bicycle 487 137 77 237
car 617 109 203 265
