person 1213 78 32 296
person 770 103 8 271
person 954 92 10 282
person 1152 73 21 301
person 1044 80 19 294
person 1072 96 18 278
person 1086 83 24 291
person 1111 77 29 297
person 1184 96 22 278
person 1121 88 39 286
person 1132 89 57 285
person 896 60 55 314
person 970 35 87 339
person 791 106 11 268
person 705 102 6 272
person 690 105 11 269
person 349 75 27 299
person 326 91 31 283
person 229 71 32 303
person 224 79 32 295
person 71 45 74 329
person 260 63 31 311
person 260 96 37 278
person 191 70 48 304
person 23 58 52 316
person 4 51 49 323
person 675 101 14 273
person 972 151 60 223
person 1031 156 55 218
person 542 97 19 277
person 569 79 40 295
person 368 55 61 319
car 689 102 83 272
car 754 106 49 268
car 447 99 80 275
car 832 112 24 262
car 798 109 24 265
car 857 102 37 272
car 816 112 21 262
car 462 87 90 287
car 847 112 18 262
car 596 102 37 272
bicycle 366 127 55 247
bicycle 164 121 108 253
bicycle 527 127 99 247
car 872 99 99 275
