person 827 89 14 285
person 864 84 8 290
person 870 96 8 278
person 857 84 9 290
person 870 80 21 294
person 1172 57 16 317
person 1153 68 25 306
person 1222 32 46 342
person 1176 60 37 314
person 953 62 23 312
person 986 67 26 307
person 929 67 28 307
person 911 56 27 318
person 917 102 16 272
person 1034 0 156 363
person 212 68 39 306
person 157 69 43 305
person 19 31 96 343
person 414 17 55 357
person 282 0 129 310
person 436 31 104 343
person 713 17 40 357
person 688 7 112 367
person 709 4 157 370
person 1049 21 74 353
car 590 93 43 281
car 624 96 27 278
car 537 87 55 287
bicycle 978 149 105 225
bicycle 894 99 31 275
bicycle 866 90 18 284
car 658 81 71 293
