person 709 110 6 264
person 362 114 11 260
person 332 109 15 265
person 347 110 14 264
person 167 112 18 262
person 55 47 55 327
person 14 48 63 326
person 370 7 126 367
person 470 0 129 332
person 785 99 9 275
person 1165 74 60 300
person 1162 56 70 318
person 769 59 70 315
person 801 53 78 321
person 676 117 5 257
person 665 117 6 257
person 690 114 6 260
person 697 112 8 262
person 899 102 18 272
person 887 104 21 270
car 751 115 18 259
car 754 106 15 268
car 770 106 9 268
car 735 115 12 259
car 770 112 12 262
car 735 109 12 265
car 835 90 204 284
car 459 98 111 276
