person 168 85 47 289
person 215 68 31 306
person 180 71 54 303
person 339 84 31 290
person 364 66 18 308
person 347 45 89 329
person 605 88 19 286
person 526 35 83 339
person 534 22 99 352
person 626 42 50 332
person 704 101 16 273
person 647 22 72 352
person 704 63 67 311
person 850 92 14 282
person 1027 84 13 290
person 1035 79 21 295
person 1013 84 19 290
person 996 84 22 290
person 971 84 27 290
person 1094 51 47 323
person 1132 51 46 323
person 783 61 51 313
bicycle 1003 121 86 253
bicycle 782 115 52 259
truck 762 65 86 309
