person 9 -67 8 442
person 22 -69 9 444
person 599 108 5 266
person 542 104 8 270
person 521 100 12 274
person 509 104 11 270
person 473 99 8 275
person 477 102 16 272
person 447 107 9 267
person 432 106 6 268
person 435 92 19 282
person 60 -71 9 446
person 82 -73 19 448
person 89 -62 16 437
person 86 -44 13 419
person 230 37 11 337
person 253 45 9 329
person 336 56 13 318
person 335 69 14 305
person 320 81 13 293
person 388 99 17 275
person 291 90 26 284
person 344 95 13 279
person 334 96 11 278
person 316 91 9 283
person 324 94 16 280
person 311 96 23 278
person 339 97 19 277
person 409 96 13 278
person 393 91 25 283
person 214 91 17 283
person 4 86 16 288
person 57 81 19 293
person 39 84 29 290
person 63 83 27 291
person 84 79 29 295
person 132 104 18 270
person 177 90 12 284
person 166 87 18 287
person 152 89 24 285
person 198 88 16 286
person 183 90 24 284
person 241 90 22 284
person 357 96 8 278
person 334 88 9 286
person 354 97 5 277
person 377 97 10 277
person 383 96 12 278
person 416 95 27 279
car 773 102 133 272
car 580 115 31 259
car 763 109 24 265
car 549 102 24 272
truck 599 90 43 284
car 748 115 21 259
car 709 114 35 260
