person 677 109 9 265
person 747 107 6 267
person 757 106 11 268
person 783 101 21 273
person 821 114 6 260
person 765 102 24 272
person 803 96 23 278
person 1008 50 80 324
person 1160 72 46 302
person 1257 104 11 270
person 357 89 40 285
person 662 107 15 267
person 729 103 16 271
person 1106 138 48 236
person 576 93 34 281
person 522 73 50 301
person 689 109 13 265
car 0 50 161 324
car 425 96 121 278
car 381 106 62 268
car 127 133 121 241
bicycle 580 137 24 237
bicycle 524 137 40 237
bicycle 229 130 96 244
bicycle 664 127 15 247
bicycle 316 130 24 244
bicycle 686 124 15 250
