person 1216 69 20 305
person 1248 71 19 303
person 598 82 10 292
person 579 78 19 296
person 597 78 22 296
person 531 78 16 296
person 546 74 29 300
person 522 74 18 300
person 515 78 16 296
person 498 71 27 303
person 439 74 17 300
person 452 63 29 311
person 378 71 22 303
person 385 63 24 311
person 396 73 26 301
person 413 71 37 303
person 343 77 31 297
person 332 63 45 311
person 275 69 13 305
person 252 61 26 313
person 247 83 23 291
person 268 85 32 289
person 275 74 40 300
person 216 65 13 309
person 195 71 35 303
person 220 68 39 306
person 165 80 28 294
person 138 78 34 296
person 93 78 24 296
person 103 75 38 299
person 16 71 23 303
person 4 67 10 307
person 4 78 29 296
person 29 71 50 303
person 831 70 5 304
person 644 71 29 303
person 115 150 24 224
car 832 74 62 300
car 782 74 34 300
car 894 65 31 309
car 909 74 27 300
car 913 71 59 303
car 903 74 24 300
bicycle 639 99 31 275
car 462 78 127 296
car 676 51 111 323
