person 743 135 7 239
person 728 140 6 234
person 753 133 7 241
person 763 134 6 240
person 832 128 7 246
person 318 123 20 251
person 303 128 7 246
person 293 121 18 253
person 278 125 18 249
person 256 122 18 252
person 772 104 22 270
person 808 130 11 244
person 809 109 26 265
person 837 84 48 290
person 895 63 56 311
person 978 77 42 297
car 503 137 49 237
car 686 140 12 234
car 701 137 12 237
car 562 140 21 234
car 586 145 6 229
car 593 146 9 228
car 635 146 12 228
car 652 146 12 228
car 381 112 136 262
