person 506 115 8 259
person 1047 70 20 304
person 961 92 17 282
person 993 76 32 298
person 1068 71 26 303
person 1060 80 18 294
person 1140 51 37 323
person 1160 60 40 314
person 1093 51 47 323
person 1248 69 20 305
person 1248 97 20 277
person 1121 63 19 311
car 934 84 313 290
car 847 93 152 281
car 18 118 198 256
car 301 112 77 262
car 506 115 77 259
car 1158 112 111 262
car 574 90 155 284
car 183 102 124 272
car 742 93 34 281
car 375 115 65 259
car 372 121 37 253
car 406 118 40 256
car 726 102 31 272
car 0 168 18 206
car 757 71 52 303
car 773 15 177 359
