person 653 97 5 277
car 1090 71 180 303
car 857 78 111 296
car 655 109 55 265
car 0 121 102 253
car 161 115 59 259
car 990 93 133 281
car 68 109 105 265
car 558 106 65 268
car 925 93 118 281
car 204 115 65 259
car 785 102 74 272
car 304 102 118 272
car 726 96 37 278
car 245 115 55 259
car 695 106 27 268
car 770 96 24 278
car 714 87 21 287
car 748 84 18 290
car 680 93 24 281
car 611 109 24 265
car 776 93 31 281
car 667 96 59 278
car 776 106 40 268
car 795 90 31 284
car 729 84 21 290
car 676 96 34 278
car 580 83 45 291
