person 335 127 14 247
person 29 114 16 260
person 717 105 9 269
person 747 102 8 272
person 754 96 11 278
person 763 96 11 278
person 779 96 11 278
person 837 91 5 283
person 831 89 8 285
person 841 84 18 290
person 885 83 13 291
person 876 88 14 286
person 863 88 16 286
person 908 83 10 291
person 891 87 24 287
person 711 106 6 268
person 699 99 13 275
person 949 81 14 293
person 939 85 21 289
person 913 75 26 299
person 965 77 21 297
person 983 79 26 295
person 1016 81 19 293
person 649 99 13 275
person 1129 24 31 350
person 1237 26 23 348
person 506 113 9 261
car 3 106 167 268
car 987 59 273 315
car 180 127 59 247
car 593 109 102 265
car 524 115 37 259
car 133 127 59 247
car 552 112 21 262
bicycle 854 99 130 275
bicycle 962 115 62 259
bicycle 819 115 80 259
car 478 115 31 259
car 270 127 31 247
car 251 121 29 253
car 226 130 34 244
motorbike 332 124 18 250
car 358 124 66 250
