person 893 89 28 285
person 933 69 36 305
person 1022 76 34 298
person 984 77 36 297
person 6 112 17 262
person 228 114 14 260
person 217 115 20 259
person 239 118 19 256
person 367 109 16 265
person 349 112 19 262
person 440 110 16 264
person 468 114 11 260
person 479 112 13 262
person 596 117 8 257
person 559 120 8 254
person 505 108 15 266
person 538 107 19 267
person 1127 1 99 373
person 713 113 11 261
person 724 78 52 296
car 782 115 24 259
bicycle 844 115 74 259
bicycle 913 140 127 234
bicycle 55 137 68 237
bicycle 108 143 59 231
bicycle 875 121 77 253
bicycle 838 146 43 228
bicycle 826 130 65 244
bicycle 822 133 37 241
bicycle 732 149 27 225
truck 801 65 102 309
bicycle 0 130 31 244
bicycle 9 133 65 241
