person 578 -45 6 420
person 622 -34 9 409
person 149 80 5 294
person 226 80 8 294
person 236 82 6 292
person 244 85 6 289
person 173 95 36 279
person 244 99 27 275
person 296 104 31 270
person 296 106 26 268
person 185 126 51 248
person 534 117 5 257
person 1061 99 22 275
car 621 121 68 253
car 798 115 21 259
car 844 115 24 259
car 835 115 18 259
car 816 115 21 259
bicycle 397 127 31 247
bicycle 329 124 59 250
bicycle 357 124 37 250
bicycle 329 143 21 231
bicycle 316 143 21 231
bicycle 217 137 52 237
bicycle 291 121 34 253
bicycle 344 143 24 231
bicycle 378 140 18 234
bicycle 493 133 34 241
car 894 87 124 287
motorbike 394 118 49 256
bicycle 155 130 77 244
car 1173 47 96 327
motorbike 975 112 90 262
car 767 112 12 262
