person 803 106 14 268
person 615 0 13 6
person 627 0 13 7
person 663 0 11 8
person 685 1 7 373
person 692 0 11 9
person 705 4 8 370
person 385 -18 11 393
person 474 102 11 272
person 493 101 11 273
person 576 107 6 267
person 565 103 13 271
person 581 106 12 268
person 599 106 13 268
person 611 104 16 270
person 673 93 26 281
person 644 90 30 284
person 224 83 21 291
person 302 94 18 280
person 319 93 27 281
person 340 100 22 274
person 919 75 57 299
person 909 67 48 307
person 858 60 62 314
car 444 106 74 268
car 208 96 93 278
car 375 106 34 268
car 580 106 21 268
car 630 112 15 262
car 633 106 15 268
car 602 106 15 268
car 1152 71 114 303
car 546 96 24 278
bus 844 0 413 374
