person 1130 79 50 295
person 1247 4 21 370
person 501 107 6 267
person 524 107 6 267
person 519 107 6 267
person 619 93 6 281
person 898 89 16 285
person 949 59 12 315
person 1226 23 9 351
person 1238 33 27 341
person 1045 61 18 313
person 1224 117 8 257
person 1259 32 9 342
person 1105 53 43 321
person 1203 38 19 336
person 1211 40 40 334
person 846 83 8 291
person 839 84 13 290
person 852 83 9 291
person 893 82 8 292
person 877 84 12 290
person 868 81 12 293
person 856 83 14 291
person 883 82 17 292
person 844 97 24 277
person 919 79 12 295
person 922 76 17 298
person 929 71 13 303
person 1080 58 26 316
person 1081 50 29 324
person 1055 55 34 319
person 1096 56 49 318
person 1037 82 19 292
person 983 59 39 315
car 475 115 34 259
car 636 99 40 275
bus 714 3 127 371
bus 664 43 83 331
car 568 96 49 278
car 611 99 24 275
