person 876 104 14 270
person 902 107 13 267
person 934 99 12 275
person 942 93 16 281
person 1026 83 22 291
person 954 43 45 331
person 976 48 99 326
person 245 118 7 256
person 397 117 6 257
person 391 119 6 255
person 241 120 9 254
person 251 118 9 256
person 224 115 14 259
person 183 120 18 254
person 162 119 18 255
person 111 120 12 254
person 99 120 16 254
person 52 122 14 252
car 627 118 71 256
car 472 106 102 268
bicycle 1065 118 114 256
bicycle 1164 143 105 231
bicycle 881 121 65 253
bicycle 770 124 15 250
bicycle 860 127 31 247
bicycle 844 127 34 247
bicycle 832 127 27 247
bicycle 925 161 40 213
bicycle 810 127 31 247
bicycle 785 127 15 247
bicycle 878 146 31 228
car 400 115 55 259
car 599 112 24 262
car 562 99 46 275
bicycle 49 133 65 241
car 683 102 31 272
car 0 74 27 300
