person 548 115 10 259
person 538 115 11 259
person 511 119 11 255
person 445 114 5 260
person 442 117 7 257
person 447 112 11 262
person 433 112 13 262
person 424 119 8 255
person 348 115 9 259
person 255 132 8 242
person 219 119 15 255
person 206 125 8 249
person 207 122 18 252
person 132 115 11 259
person 121 123 5 251
person 108 125 19 249
person 119 117 22 257
person 459 118 14 256
person 84 128 9 246
person 72 122 13 252
person 28 143 13 231
person 11 142 16 232
person 676 110 15 264
person 847 107 9 267
person 854 110 13 264
person 734 113 14 261
person 740 107 18 267
person 875 104 14 270
person 873 103 14 271
person 885 113 11 261
person 909 107 8 267
person 902 111 11 263
person 940 104 8 270
person 925 97 18 277
person 956 95 9 279
person 942 102 18 272
person 963 99 11 275
person 972 96 11 278
person 988 102 12 272
person 1003 98 16 276
person 1017 100 10 274
person 1022 98 6 276
person 1025 98 10 276
person 1029 100 9 274
person 1091 92 8 282
person 1081 96 11 278
person 1118 93 14 281
person 1147 90 15 284
person 375 119 13 255
person 417 117 9 257
person 242 124 12 250
person 1081 96 5 278
person 531 117 8 257
person 13 147 18 227
person 106 147 6 227
motorbike 9 143 59 231
car 785 112 71 262
bicycle 1133 115 102 259
bicycle 1217 115 49 259
bicycle 1127 127 68 247
