person 4 76 16 298
person 967 79 40 295
person 694 95 8 279
person 580 95 8 279
person 568 94 7 280
person 772 97 9 277
person 637 88 24 286
person 663 89 29 285
person 748 92 13 282
person 769 96 7 278
person 717 95 9 279
car 537 99 71 275
car 593 96 43 278
car 503 99 52 275
car 437 93 49 281
car 239 93 37 281
car 276 90 27 284
car 267 93 21 281
bicycle 760 115 34 259
bicycle 776 112 31 262
bicycle 826 115 40 259
bicycle 642 124 12 250
bicycle 810 112 34 262
bicycle 791 112 34 262
bicycle 670 130 15 244
bicycle 754 124 15 250
bicycle 767 124 18 250
