person 977 106 17 268
person 752 117 11 257
person 778 117 9 257
person 767 118 5 256
person 877 92 6 282
person 852 87 11 287
person 926 92 21 282
person 993 88 34 286
person 1052 77 41 297
person 1088 77 22 297
person 1101 69 28 305
person 1157 95 32 279
person 1205 94 33 280
person 1258 103 10 271
person 255 96 8 278
person 69 91 13 283
person 32 94 16 280
person 10 96 18 278
person 305 103 11 271
car 211 102 90 272
car 459 112 40 262
car 0 115 40 259
car 409 106 37 268
car 447 112 24 262
car 776 115 34 259
car 493 112 24 262
bicycle 885 137 130 237
bicycle 978 124 136 250
bicycle 875 143 68 231
bicycle 1077 140 37 234
truck 701 81 55 293
car 127 84 55 290
car 201 78 46 296
car 329 102 65 272
truck 767 87 49 287
motorbike 68 109 59 265
