person 62 86 5 288
person 114 85 10 289
person 81 100 18 274
person 333 97 9 277
person 364 98 6 276
person 149 97 16 277
person 163 97 16 277
person 168 103 19 271
person 194 99 13 275
person 211 97 14 277
person 222 96 18 278
person 199 106 19 268
person 1169 0 118 326
person 603 89 31 285
person 654 88 20 286
person 632 88 31 286
person 608 119 18 255
person 678 47 73 327
person 649 35 93 339
person 719 4 97 370
person 801 6 111 368
person 578 90 8 284
person 369 95 24 279
person 425 0 169 375
person 418 0 191 375
person 892 74 28 300
person 414 51 59 323
bicycle 375 158 68 216
bicycle 897 127 34 247
