person 588 55 5 319
person 613 57 6 317
person 639 57 6 317
person 4 53 28 321
person 522 104 6 270
person 576 106 5 268
person 585 107 10 267
person 636 109 6 265
person 643 109 5 265
person 650 106 6 268
person 657 106 6 268
person 869 74 57 300
person 949 51 62 323
car 279 78 155 296
car 217 87 124 287
car 1055 96 208 278
car 77 84 130 290
car 639 106 37 268
car 596 102 21 272
car 981 106 142 268
car 416 99 43 275
car 617 106 18 268
car 177 87 65 287
car 1158 133 108 241
car 521 99 37 275
car 9 74 133 300
car 437 78 71 296
car 739 106 37 268
