person 187 109 5 265
person 198 107 6 267
person 571 51 5 323
person 591 53 5 321
person 680 44 6 330
person 667 46 5 328
person 658 46 6 328
person 645 47 6 327
person 419 99 6 275
person 411 99 5 275
person 402 102 6 272
person 385 104 7 270
person 365 102 6 272
person 361 103 6 271
person 342 105 6 269
person 354 103 7 271
person 266 105 9 269
person 301 105 10 269
person 318 106 6 268
person 323 107 8 267
person 309 104 9 270
person 291 106 5 268
person 257 115 6 259
person 248 107 9 267
person 237 108 11 266
person 227 112 10 262
person 137 107 6 267
person 145 106 11 268
person 295 110 13 264
person 12 100 34 274
person 4 104 36 270
person 747 79 8 295
person 758 78 6 296
person 873 79 6 295
person 873 83 9 291
person 865 80 9 294
person 844 81 6 293
person 839 81 6 293
person 850 81 7 293
person 855 81 13 293
person 775 87 10 287
person 892 114 25 260
person 886 68 32 306
person 923 66 32 308
person 1060 35 26 339
person 991 44 40 330
person 1073 30 50 344
person 1025 24 49 350
person 647 92 5 282
person 393 101 7 273
person 713 74 15 300
person 690 80 20 294
person 717 68 32 306
person 349 106 6 268
person 270 109 13 265
bus 1046 0 214 171
bus 897 9 158 365
car 624 93 34 281
car 484 102 37 272
car 614 93 24 281
car 565 99 18 275
car 552 96 21 278
car 456 96 34 278
car 580 96 18 278
car 583 93 21 281
car 596 93 18 281
car 633 90 18 284
bicycle 692 112 12 262
bus 422 74 65 300
bicycle 826 84 31 290
bicycle 863 87 24 287
car 152 109 49 265
bus 661 72 40 302
