person 605 92 28 282
person 575 90 9 284
person 590 74 17 300
person 663 82 18 292
person 685 77 19 297
person 723 95 11 279
person 709 84 16 290
person 766 71 27 303
person 820 77 25 297
person 879 77 28 297
person 901 96 21 278
person 971 84 31 290
person 4 83 14 291
person 108 92 8 282
person 97 89 13 285
person 1094 73 39 301
person 920 73 28 301
person 560 85 19 289
person 1098 73 36 301
car 161 74 118 300
car 127 90 65 284
bicycle 751 112 74 262
bicycle 562 106 59 268
bus 403 34 155 340
car 593 87 49 287
