person 773 90 9 284
person 507 102 11 272
person 372 96 19 278
person 363 109 16 265
person 188 117 19 257
person 271 97 14 277
person 442 108 13 266
person 408 109 11 265
person 340 108 23 266
person 451 110 17 264
person 316 112 16 262
person 387 107 22 267
person 94 115 20 259
person 106 98 27 276
person 38 95 24 279
person 4 107 12 267
person 13 97 27 277
person 641 79 31 295
person 821 76 30 298
person 886 74 37 300
car 515 106 90 268
car 779 102 27 272
car 763 106 24 268
car 714 106 21 268
car 804 84 90 290
car 751 106 24 268
car 605 106 34 268
car 590 109 37 265
car 732 109 21 265
bicycle 145 133 59 241
bicycle 285 137 52 237
bicycle 993 149 34 225
bicycle 950 124 65 250
bicycle 857 208 124 166
car 664 106 31 268
