person 289 114 7 260
person 275 117 8 257
person 313 114 9 260
person 326 112 8 262
person 341 122 8 252
person 330 113 14 261
person 342 123 12 251
person 365 112 11 262
person 377 112 9 262
person 390 108 11 266
person 399 114 9 260
person 541 110 6 264
person 528 110 9 264
person 516 112 9 262
person 790 99 14 275
person 767 101 21 273
person 644 104 8 270
person 950 90 14 284
person 976 88 13 286
person 1161 87 10 287
person 1172 94 14 280
person 1252 258 16 116
person 173 65 49 309
person 12 80 66 294
person 3 165 5 209
person 217 78 40 296
person 185 60 68 314
person 117 22 98 352
person 53 37 85 337
person 570 57 106 317
person 838 89 29 285
person 1107 96 22 278
person 1055 32 63 342
person 1011 42 66 332
car 1149 93 121 281
car 689 106 145 268
car 795 99 232 275
bicycle 950 121 211 253
car 245 112 90 262
