redtrafficlight 784 49 12 325
redtrafficlight 670 0 12 6
person 707 88 7 286
person 693 86 9 288
person 684 88 8 286
person 1050 70 22 304
person 1167 33 65 341
person 631 89 8 285
person 576 95 5 279
person 426 96 16 278
person 282 94 11 280
person 222 91 35 283
person 8 73 44 301
person 676 102 21 272
person 521 100 15 274
person 490 94 23 280
person 303 91 54 283
car 844 0 189 374
motorbike 676 130 21 244
car 891 71 319 303
car 0 115 93 259
car 704 96 102 278
car 695 96 27 278
car 1223 155 46 219
bicycle 130 127 59 247
bicycle 515 112 27 262
bicycle 139 143 127 231
bicycle 804 109 37 265
car 795 146 37 228
car 282 78 158 296
