person 770 93 11 281
person 755 99 9 275
person 767 96 6 278
person 759 96 9 278
person 781 96 7 278
person 267 92 25 282
person 296 91 21 283
person 326 94 14 280
person 222 78 27 296
person 175 82 27 292
person 77 64 72 310
person 75 47 72 327
person 568 109 6 265
person 581 107 6 267
truck 673 84 49 290
car 683 90 40 284
car 108 93 198 281
car 285 106 111 268
car 611 112 49 262
car 732 102 90 272
car 465 109 55 265
car 711 102 34 272
car 565 106 18 268
car 683 109 24 265
car 695 109 24 265
bicycle 847 115 34 259
bicycle 885 109 43 265
truck 489 76 63 298
