person 1000 80 5 294
person 1099 63 26 311
person 1175 78 6 296
person 1126 60 24 314
person 1218 55 26 319
person 1132 58 36 316
person 1244 11 24 363
person 316 91 16 283
person 712 13 90 361
person 653 46 94 328
person 304 100 8 274
person 365 28 106 346
person 436 4 111 370
car 919 87 145 287
car 881 74 93 300
car 223 102 121 272
car 546 93 68 281
car 785 96 21 278
car 409 99 152 275
car 611 109 31 265
bicycle 1043 118 65 256
bicycle 111 127 65 247
bicycle 1158 118 62 256
bicycle 1127 115 62 259
bicycle 201 133 34 241
bicycle 711 360 71 14
bicycle 21 121 111 253
bicycle 0 133 52 241
car 835 99 24 275
car 863 59 124 315
