person 484 71 5 303
person 426 70 9 304
person 400 69 9 305
person 406 69 6 305
person 386 70 14 304
person 365 66 16 308
person 352 70 14 304
person 537 72 5 302
person 569 68 6 306
person 561 73 5 301
person 547 68 8 306
person 593 69 7 305
person 582 73 6 301
person 619 73 5 301
person 626 69 6 305
person 664 71 5 303
person 696 68 5 306
person 685 68 10 306
person 857 74 8 300
person 844 73 18 301
person 721 66 8 308
person 737 67 5 307
person 740 67 9 307
person 750 66 11 308
person 744 73 11 301
person 760 63 11 311
person 781 63 14 311
person 767 68 16 306
person 796 71 18 303
person 778 73 19 301
person 1016 55 28 319
person 944 58 31 316
person 919 147 5 227
person 970 36 47 338
person 1024 52 37 322
person 1101 42 65 332
person 1060 53 60 321
person 1032 48 73 326
person 1164 55 35 319
person 1127 49 42 325
person 1214 38 54 336
person 1134 47 65 327
person 1173 39 92 335
person 892 45 68 329
person 656 72 8 302
person 29 89 19 285
person 690 75 13 299
person 726 68 22 306
person 699 68 29 306
car 416 81 49 293
car 813 65 27 309
bicycle 698 99 27 275
bicycle 3 106 65 268
car 493 78 27 296
bicycle 729 93 18 281
car 468 74 21 300
bus 863 37 99 337
