person 434 124 6 250
person 714 110 6 264
person 846 102 8 272
person 850 97 11 277
person 852 101 24 273
person 874 97 26 277
person 917 93 21 281
person 896 96 25 278
person 960 102 16 272
person 936 89 25 285
person 998 96 6 278
person 979 91 26 283
person 802 92 17 282
person 765 80 25 294
person 781 77 30 297
person 1042 85 24 289
person 1067 87 26 287
person 1094 88 27 286
person 691 111 7 263
person 713 113 6 261
person 755 111 13 263
bus 93 81 177 293
car 6 137 77 237
car 549 118 43 256
bicycle 751 127 12 247
car 487 118 83 256
car 400 124 40 250
car 639 109 43 265
car 670 112 34 262
