person 130 147 6 227
person 158 148 8 226
person 113 151 10 223
person 95 148 13 226
person 60 111 40 263
person 9 116 41 258
person 4 53 62 321
person 657 114 19 260
person 402 72 57 302
person 314 112 28 262
person 337 119 40 255
person 218 119 20 255
person 194 106 32 268
person 239 104 45 270
person 243 79 79 295
person 1100 128 6 246
person 1105 130 5 244
person 1103 127 15 247
person 1174 69 55 305
person 1198 73 59 301
person 1236 66 32 308
person 1146 97 11 277
person 1109 78 50 296
person 1149 54 77 320
person 982 125 11 249
person 970 120 9 254
person 973 127 13 247
person 899 106 14 268
person 917 111 19 263
person 983 89 48 285
person 986 92 47 282
person 1016 56 68 318
person 1044 65 68 309
person 673 115 16 259
person 684 84 46 290
person 779 84 8 290
person 687 84 45 290
person 705 84 45 290
person 795 117 26 257
person 809 100 47 274
person 831 94 37 280
person 823 85 45 289
person 783 78 46 296
person 723 64 82 310
person 709 47 104 327
person 647 118 9 256
person 640 110 24 264
person 596 83 34 291
person 607 86 50 288
person 534 237 78 137
person 550 43 73 331
person 582 224 26 150
person 449 67 88 307
person 499 50 112 324
person 479 41 119 333
person 344 25 117 349
person 875 83 50 291
