person 1245 62 24 312
person 1145 79 23 295
person 1196 77 25 297
person 48 107 6 267
person 55 104 9 270
person 75 99 11 275
person 31 98 18 276
person 199 100 7 274
person 192 97 11 277
person 183 94 14 280
person 105 101 14 273
person 121 101 14 273
person 140 92 18 282
person 152 97 16 277
person 204 85 16 289
person 273 102 12 272
person 260 101 16 273
person 241 88 20 286
person 322 86 20 288
person 303 96 19 278
person 609 83 19 291
person 588 89 28 285
person 642 87 22 287
person 665 81 19 293
person 684 83 21 291
person 666 90 27 284
person 706 81 27 293
person 731 84 26 290
person 786 91 29 283
person 757 76 36 298
person 839 80 24 294
person 803 83 37 291
person 877 70 37 304
person 851 78 34 296
person 980 80 31 294
person 921 77 40 297
person 613 88 29 286
person 957 98 33 276
bicycle 596 130 55 244
car 940 90 139 284
