person 624 109 8 265
person 614 110 21 264
person 599 105 21 269
person 614 112 27 262
person 741 120 13 254
person 773 107 19 267
person 717 107 16 267
person 780 63 68 311
person 805 44 81 330
person 654 115 17 259
person 480 125 7 249
person 470 124 7 250
person 457 124 8 250
person 490 124 8 250
person 486 127 8 247
person 508 113 21 261
person 427 122 8 252
person 417 122 8 252
person 278 112 23 262
person 254 110 24 264
person 55 102 19 272
person 39 102 19 272
person 8 104 23 270
person 4 105 13 269
person 307 119 25 255
person 334 124 19 250
person 637 129 12 245
person 886 65 47 309
person 899 48 92 326
car 1111 102 158 272
car 416 127 59 247
car 555 127 31 247
car 459 130 24 244
car 394 127 34 247
bicycle 847 161 223 213
bicycle 1037 121 121 253
bicycle 105 137 68 237
bicycle 3 133 37 241
bicycle 55 143 68 231
bicycle 1031 118 59 256
bicycle 6 137 68 237
bicycle 739 137 37 237
bicycle 232 137 37 237
bicycle 1096 140 71 234
bicycle 732 143 21 231
bicycle 1031 140 34 234
bicycle 692 124 34 250
car 661 109 55 265
bicycle 745 133 59 241
car 338 109 65 265
motorbike 633 130 18 244
car 499 106 62 268
