person 849 68 9 306
person 826 67 13 307
person 834 67 19 307
person 939 72 24 302
person 904 71 25 303
person 1142 54 17 320
person 1101 77 21 297
person 768 64 8 310
person 776 65 8 309
person 781 63 8 311
person 788 61 10 313
person 796 66 11 308
person 807 61 9 313
person 809 65 12 309
person 813 69 14 305
person 693 65 8 309
person 732 67 7 307
person 724 68 8 306
person 711 66 10 308
person 684 68 6 306
person 680 66 6 308
person 631 66 6 308
person 601 66 6 308
person 612 65 9 309
person 589 67 6 307
person 572 63 6 311
person 577 64 8 310
person 563 66 7 308
person 550 63 10 311
person 525 65 6 309
person 530 74 5 300
person 547 73 11 301
person 540 78 17 296
person 784 76 24 298
person 642 79 44 295
person 468 73 5 301
person 462 79 9 295
person 419 73 18 301
person 403 81 28 293
person 420 60 62 314
person 273 77 21 297
person 298 79 32 295
person 257 76 36 298
person 242 74 36 300
person 217 74 21 300
person 219 73 21 301
person 162 76 15 298
person 114 84 27 290
person 162 76 33 298
person 123 69 44 305
person 48 75 44 299
person 750 73 22 301
person 189 73 43 301
person 71 85 39 289
motorbike 801 93 74 281
car 568 84 65 290
car 1111 68 158 306
car 670 84 90 290
car 611 68 34 306
car 742 68 31 306
bicycle 173 133 96 241
bicycle 21 143 118 231
bicycle 93 146 108 228
bicycle 0 140 49 234
bicycle 0 137 15 237
car 1099 53 130 321
car 630 50 65 324
car 695 81 27 293
car 754 130 49 244
car 524 74 46 300
car 565 106 18 268
