person 89 91 7 283
person 60 85 11 289
person 99 88 16 286
person 280 92 13 282
person 275 88 18 286
person 1237 0 24 11
person 1181 0 29 17
person 1234 27 35 347
person 952 61 16 313
person 921 77 26 297
person 976 47 35 327
person 691 88 8 286
person 678 92 13 282
person 680 84 17 290
person 660 92 15 282
person 729 83 6 291
person 740 87 8 287
person 726 92 17 282
person 776 80 17 294
person 742 80 24 294
person 811 80 14 294
person 800 76 16 298
person 778 83 16 291
person 756 79 25 295
person 783 81 29 293
person 821 79 20 295
person 845 73 27 301
person 816 97 24 277
person 606 91 15 283
person 454 84 16 290
person 646 87 8 287
person 638 86 8 288
car 888 62 282 312
car 313 81 55 293
car 366 84 40 290
car 413 81 62 293
car 406 84 31 290
car 475 87 31 287
car 496 84 24 290
car 307 87 27 287
car 447 84 24 290
car 465 87 24 287
car 90 90 145 284
car 558 78 21 296
car 586 74 18 300
car 599 81 21 293
car 220 84 40 290
car 257 84 49 290
car 527 78 24 296
