person 640 101 6 273
person 831 101 5 273
person 801 83 31 291
person 663 84 27 290
person 668 137 36 237
person 672 71 42 303
person 731 81 31 293
person 711 70 41 304
person 691 69 44 305
person 516 82 29 292
person 527 88 25 286
person 559 110 18 264
person 530 75 39 299
person 489 86 8 288
person 398 84 7 290
person 75 106 13 268
person 259 88 33 286
person 261 95 33 279
person 114 92 34 282
person 4 92 38 282
person 835 74 34 300
person 599 78 40 296
person 791 84 20 290
person 600 148 20 226
person 357 128 31 246
person 221 97 23 277
car 841 74 170 300
car 996 71 136 303
bicycle 189 124 74 250
bicycle 773 109 71 265
car 636 99 37 275
car 1099 31 167 343
