person 550 106 15 268
person 786 91 21 283
person 967 74 31 300
person 1002 80 34 294
person 1144 51 39 323
person 1166 37 47 337
person 1204 35 59 339
person 1258 55 10 319
person 261 123 16 251
person 285 125 15 249
person 244 104 13 270
person 284 104 32 270
person 211 91 29 283
person 229 101 30 273
person 183 103 31 271
person 153 94 35 280
person 732 76 51 298
bus 307 15 239 359
bicycle 742 140 31 234
bicycle 838 127 71 247
bicycle 888 115 62 259
bicycle 829 112 34 262
truck 552 9 180 365
motorbike 816 93 102 281
bicycle 962 118 111 256
