person 330 96 10 278
person 367 91 9 283
person 34 94 6 280
person 208 100 13 274
person 190 97 7 277
person 809 98 10 276
person 742 91 13 283
person 766 88 22 286
person 752 81 30 293
person 850 72 23 302
person 822 84 33 290
person 820 75 29 299
person 890 83 33 291
person 860 74 37 300
person 785 84 27 290
person 382 96 13 278
person 419 97 18 277
person 456 99 8 275
person 670 97 5 277
person 684 89 15 285
person 657 93 15 281
person 684 91 14 283
person 668 95 21 279
person 667 97 21 277
person 706 97 12 277
person 693 97 19 277
person 717 91 9 283
person 721 88 13 286
person 514 97 9 277
person 519 95 14 279
person 442 91 6 283
person 445 91 9 283
person 501 97 6 277
person 504 91 14 283
person 483 91 11 283
person 488 91 13 283
person 471 91 14 283
person 242 96 12 278
person 233 96 6 278
person 228 96 6 278
person 215 98 13 276
person 223 97 10 277
person 321 96 12 278
person 313 92 11 282
person 306 93 13 281
person 288 92 8 282
person 290 97 16 277
person 264 99 8 275
person 271 94 15 280
person 255 93 19 281
person 149 92 16 282
person 177 96 15 278
car 65 99 46 275
car 0 99 6 275
bicycle 142 112 21 262
bicycle 177 115 18 259
bicycle 478 115 24 259
motorbike 434 106 37 268
bicycle 838 106 21 268
car 1117 90 152 284
bus 139 74 86 300
