person 424 116 5 258
person 775 107 6 267
person 769 109 11 265
person 790 107 10 267
person 778 107 14 267
person 795 106 9 268
person 815 104 9 270
person 812 105 7 269
person 825 93 16 281
person 866 89 17 285
person 833 86 30 288
person 856 99 29 275
person 880 104 27 270
person 901 97 32 277
person 937 83 29 291
person 975 90 9 284
person 934 93 31 281
person 1017 65 24 309
person 1002 66 32 308
person 1019 53 59 321
person 979 89 29 285
person 956 98 42 276
person 1247 187 21 187
person 751 110 8 264
car 698 109 62 265
car 605 115 18 259
car 695 115 18 259
car 676 121 15 253
car 614 121 52 253
