person 97 79 21 295
person 251 79 27 295
person 273 70 32 304
person 726 107 5 267
person 92 75 31 299
person 21 95 19 279
person 52 96 43 278
person 431 91 30 283
person 478 99 27 275
person 510 78 35 296
person 501 27 115 347
person 669 109 5 265
person 1157 75 97 299
person 1165 102 103 272
person 1096 32 53 342
person 49 97 35 277
person 3 94 37 280
person 508 105 24 269
person 739 107 5 267
person 732 106 5 268
person 291 98 35 276
car 826 93 37 281
car 763 102 27 272
car 857 93 37 281
car 798 96 24 278
car 645 106 27 268
car 633 106 24 268
car 875 93 93 281
car 686 109 21 265
