person 785 136 8 238
person 819 121 13 253
person 804 138 8 236
person 894 106 18 268
person 1066 108 14 266
person 1190 106 31 268
person 1001 43 94 331
person 949 57 103 317
person 22 135 13 239
person 125 135 8 239
person 203 129 15 245
person 189 130 17 244
person 179 127 13 247
person 345 142 13 232
person 329 130 9 244
person 332 127 16 247
person 399 128 11 246
person 389 130 11 244
person 377 130 12 244
person 363 129 15 245
person 537 122 23 252
person 522 127 17 247
person 572 151 12 223
person 563 59 81 315
person 442 40 95 334
person 822 139 81 235
person 816 27 83 347
person 575 32 129 342
person 250 122 13 252
person 222 125 21 249
person 258 48 79 326
person 354 151 14 223
person 724 116 28 258
person 22 44 83 330
person 124 55 74 319
person 1118 143 27 231
car 869 109 121 265
bicycle 133 137 52 237
bicycle 21 149 68 225
bicycle 447 152 161 222
bicycle 565 199 164 175
motorbike 711 140 55 234
bicycle 413 137 44 237
