person 158 148 7 226
person 168 150 5 224
person 239 139 9 235
person 247 142 6 232
person 258 144 7 230
person 250 144 8 230
person 279 143 7 231
person 285 140 8 234
person 352 130 14 244
person 658 113 18 261
person 674 115 12 259
person 891 104 18 270
person 1104 115 5 259
person 1108 115 9 259
person 1105 128 9 246
person 1112 114 13 260
person 1194 55 81 319
person 1245 195 22 179
person 1218 42 51 332
person 1153 75 33 299
person 1120 81 59 293
person 903 65 48 309
person 1010 81 62 293
person 1080 79 42 295
person 975 64 64 310
person 954 88 39 286
person 889 55 73 319
person 913 63 81 311
person 989 43 104 331
person 1032 88 103 286
person 734 97 28 277
person 757 74 45 300
person 790 66 44 308
person 676 106 34 268
person 604 88 68 286
person 591 61 81 313
person 676 45 105 329
person 745 124 83 250
person 395 101 52 273
person 473 91 66 283
person 493 54 55 320
person 306 102 55 272
person 40 151 12 223
person 23 148 13 226
person 32 145 14 229
person 67 148 6 226
person 51 149 10 225
person 195 104 31 270
person 367 126 17 248
person 163 150 5 224
person 1175 79 42 295
person 1193 72 39 302
person 1194 99 52 275
person 101 120 27 254
person 76 117 36 257
person 218 119 24 255
car 400 127 80 247
car 540 121 71 253
car 664 146 27 228
car 267 137 90 237
bus 105 121 80 253
