person 345 119 8 255
person 824 110 11 264
person 174 100 29 274
person 134 98 22 276
person 18 125 13 249
person 34 120 17 254
person 308 124 6 250
person 357 117 8 257
person 365 117 6 257
person 368 113 12 261
person 440 124 5 250
person 572 125 8 249
person 585 135 18 239
person 634 121 6 253
person 621 117 7 257
person 629 120 6 254
person 613 103 18 271
person 681 117 5 257
person 675 117 6 257
person 724 112 8 262
person 768 112 9 262
person 790 114 6 260
person 811 112 8 262
person 810 119 9 255
person 835 112 11 262
person 845 109 6 265
person 535 124 7 250
person 109 122 16 252
person 88 106 22 268
car 885 93 217 281
car 1043 65 226 309
car 447 118 43 256
bicycle 217 130 80 244
bicycle 155 130 71 244
bicycle 189 130 71 244
bicycle 270 133 34 241
motorbike 819 115 86 259
bicycle 776 118 27 256
car 490 121 49 253
bicycle 3 133 43 241
