person 582 108 6 266
person 603 76 33 298
person 634 85 36 289
person 640 71 57 303
person 457 104 11 270
person 409 97 11 277
person 384 97 9 277
person 373 89 13 285
person 359 98 9 276
person 349 96 14 278
person 309 96 11 278
person 288 93 13 281
person 252 91 11 283
person 317 99 9 275
person 216 93 20 281
person 191 91 18 283
person 150 65 48 309
person 801 107 9 267
person 752 71 55 303
person 896 93 19 281
person 420 102 13 272
person 436 101 16 273
person 496 81 37 293
car 214 96 155 278
car 885 74 111 300
car 521 106 40 268
bicycle 459 124 121 250
bicycle 108 121 68 253
car 462 93 80 281
car 965 0 301 375
