person 594 150 9 224
person 42 151 15 223
person 665 137 24 237
person 616 133 26 241
person 558 147 16 227
person 599 142 19 232
person 527 142 16 232
person 365 134 29 240
person 173 133 29 241
person 57 150 12 224
person 16 130 22 244
person 4 121 19 253
person 876 163 8 211
car 0 186 40 188
car 891 155 31 219
car 965 155 34 219
car 844 161 24 213
car 835 165 21 209
car 810 161 27 213
bicycle 9 155 74 219
car 869 155 24 219
car 993 146 90 228
car 925 158 31 216
car 984 127 59 247
bus 1074 106 158 268
car 735 152 77 222
car 645 199 80 175
car 630 192 139 182
