person 162 124 32 250
person 247 107 16 267
person 317 114 6 260
person 305 111 14 263
person 319 111 11 263
person 344 114 5 260
person 351 110 15 264
person 410 112 6 262
person 743 107 5 267
person 935 91 9 283
person 227 99 18 275
person 266 107 14 267
car 885 90 223 284
car 1068 71 201 303
car 714 112 52 262
car 841 96 105 278
car 804 109 71 265
car 763 109 59 265
car 695 112 24 262
car 686 112 21 262
car 546 115 27 259
car 562 112 27 262
car 596 112 24 262
car 583 112 18 262
car 630 109 21 265
car 714 112 18 262
car 531 118 24 256
car 478 112 27 262
car 503 115 34 259
