person 416 108 13 266
person 439 109 9 265
person 456 108 13 266
person 480 108 7 266
person 480 110 12 264
person 832 81 32 293
person 817 85 19 289
person 872 106 21 268
person 1014 120 9 254
person 1076 127 5 247
person 1190 127 6 247
person 1206 125 7 249
person 221 118 12 256
person 257 114 14 260
person 776 88 29 286
person 992 114 12 260
person 1040 117 11 257
person 1224 120 9 254
person 1123 117 8 257
car 298 112 142 262
car 260 121 21 253
car 108 124 21 250
car 251 118 15 256
car 285 109 37 265
car 1161 121 24 253
car 1257 124 12 250
car 1257 127 9 247
car 1239 121 18 253
bicycle 748 124 65 250
car 124 102 86 272
car 195 121 21 253
