person 581 110 6 264
person 565 108 6 266
person 1101 104 5 270
person 1128 105 5 269
person 1186 106 5 268
person 767 105 14 269
person 676 98 26 276
person 739 88 29 286
person 700 77 47 297
person 1122 104 5 270
car 527 102 21 272
car 1189 152 74 222
car 667 87 18 287
car 652 90 15 284
car 1242 133 27 241
car 1251 158 18 216
bicycle 714 143 24 231
bicycle 683 137 12 237
bicycle 676 112 24 262
bicycle 742 143 21 231
bicycle 583 112 9 262
bicycle 698 118 49 256
bicycle 701 143 12 231
bicycle 571 112 9 262
bicycle 562 112 9 262
bicycle 739 152 12 222
bus 978 115 214 259
bus 807 81 114 293
bus 739 65 96 309
bus 568 84 34 290
car 605 99 18 275
car 630 93 15 281
car 431 99 74 275
