person 529 111 16 263
person 314 111 8 263
person 506 115 26 259
person 464 90 18 284
person 334 110 11 264
person 400 108 16 266
person 163 112 8 262
person 390 111 22 263
person 316 114 25 260
person 160 114 19 260
person 276 113 22 261
person 251 112 24 262
person 216 115 31 259
person 178 114 28 260
person 147 114 22 260
person 119 114 13 260
person 110 114 23 260
person 83 117 16 257
person 584 76 50 298
car 24 127 127 247
car 0 152 55 222
bicycle 543 146 102 228
bicycle 760 133 34 241
bicycle 481 137 55 237
bicycle 506 130 37 244
bicycle 661 127 83 247
bicycle 996 124 99 250
bicycle 319 127 93 247
bicycle 189 124 83 250
bicycle 142 118 68 256
