person 1130 85 39 289
person 690 110 19 264
person 700 110 31 264
person 961 114 15 260
person 1014 100 26 274
person 1057 98 29 276
person 837 69 31 305
person 821 96 40 278
person 868 97 34 277
person 429 118 22 256
car 111 84 220 290
car 316 109 136 265
car 3 56 133 318
car 524 130 37 244
car 652 130 18 244
bicycle 1176 118 90 256
bicycle 931 112 24 262
motorbike 428 127 74 247
bicycle 509 124 24 250
car 742 130 24 244
truck 670 152 77 222
car 614 133 15 241
car 558 130 49 244
car 751 43 180 331
car 366 81 164 293
