person 393 100 24 274
person 616 107 18 267
person 596 117 10 257
person 576 103 13 271
person 583 107 15 267
person 545 104 18 270
person 543 104 12 270
person 498 104 11 270
person 505 111 17 263
person 419 100 21 274
person 352 107 5 267
person 358 107 5 267
person 366 108 5 266
person 564 107 22 267
person 544 113 17 261
person 459 102 23 272
person 738 106 12 268
person 522 122 11 252
car 701 81 490 293
car 1239 115 31 259
car 1167 112 77 262
truck 21 50 158 324
bicycle 512 133 59 241
bicycle 440 127 65 247
