person 717 107 8 267
person 829 94 14 280
person 610 95 16 279
person 542 92 9 282
person 484 95 10 279
person 493 85 11 289
person 460 88 6 286
person 447 85 14 289
person 364 76 20 298
person 335 70 22 304
person 288 74 5 300
person 291 71 17 303
person 268 70 19 304
person 254 65 14 309
person 219 71 16 303
person 234 65 29 309
person 94 42 45 332
person 11 43 42 331
person 981 73 20 301
person 999 80 17 294
person 1013 76 27 298
person 1047 79 22 295
car 267 81 142 293
car 714 96 118 278
car 888 99 152 275
car 0 68 248 306
car 161 78 127 296
car 431 96 55 278
car 621 99 40 275
car 388 96 62 278
car 661 99 21 275
car 543 99 65 275
car 577 99 37 275
car 714 99 15 275
car 816 102 21 272
car 987 50 282 324
bicycle 484 99 40 275
truck 680 96 34 278
car 860 84 121 290
car 822 81 65 293
motorbike 521 102 37 272
