person 117 74 17 300
person 702 83 11 291
person 903 72 14 302
person 925 76 21 298
person 936 78 6 296
person 943 71 12 303
person 856 60 22 314
person 893 76 13 298
person 877 75 32 299
person 901 78 28 296
person 948 83 20 291
person 985 76 21 298
person 933 81 37 293
person 964 81 27 293
person 1051 78 16 296
person 1045 76 6 298
person 1004 80 32 294
person 1029 78 29 296
person 1065 85 27 289
person 1066 79 24 295
person 1119 73 19 301
person 1134 74 24 300
person 1137 81 19 293
person 1149 80 29 294
person 1247 85 16 289
person 196 98 8 276
person 792 61 34 313
person 4 72 9 302
person 63 83 6 291
person 54 83 15 291
person 37 83 26 291
person 98 65 9 309
person 168 104 36 270
person 93 85 12 289
person 157 58 20 316
person 167 78 13 296
person 155 78 13 296
person 139 79 21 295
person 129 86 13 288
person 4 58 34 316
person 95 88 39 286
person 68 57 32 317
person 140 100 32 274
person 324 76 11 298
person 311 75 16 299
person 348 56 25 318
person 221 53 31 321
person 175 56 41 318
person 303 53 13 321
person 283 54 37 320
person 332 64 26 310
person 545 78 12 296
person 665 60 36 314
person 594 56 34 318
person 670 95 8 279
