person 340 111 7 263
person 327 110 6 264
person 332 109 8 265
person 814 120 9 254
person 794 107 11 267
person 783 102 13 272
person 844 114 11 260
person 850 112 14 262
person 948 89 19 285
person 931 88 18 286
person 991 92 24 282
person 1021 89 21 285
person 1002 83 31 291
person 1053 89 30 285
person 1072 91 24 283
person 1052 85 30 289
person 938 126 11 248
person 913 91 29 283
car 462 96 316 278
car 65 115 27 259
car 68 109 77 265
car 201 109 18 265
bicycle 913 133 31 241
car 211 96 111 278
car 335 62 164 312
