person 163 75 12 299
person 282 92 13 282
person 572 106 7 268
person 745 90 8 284
person 826 73 38 301
person 889 61 28 313
person 853 66 42 308
person 475 110 9 264
person 292 93 14 281
person 501 99 14 275
car 922 25 341 349
car 267 102 90 272
car 854 68 130 306
car 0 90 198 284
car 335 106 59 268
car 419 99 43 275
car 711 96 68 278
car 754 93 71 281
car 614 106 24 268
car 692 109 34 265
car 583 102 24 272
car 453 106 15 268
car 549 106 15 268
car 534 106 15 268
car 363 87 68 287
car 673 109 34 265
truck 493 87 34 287
