person 37 112 8 262
person 86 112 9 262
person 59 112 6 262
person 46 113 16 261
person 117 112 9 262
person 108 109 13 265
person 91 110 22 264
person 122 112 10 262
person 141 112 8 262
person 145 115 11 259
person 154 117 10 257
person 172 117 9 257
person 180 115 13 259
person 158 120 20 254
person 196 115 18 259
person 217 114 17 260
person 211 115 24 259
person 403 130 13 244
person 275 112 7 262
person 499 124 13 250
person 278 114 22 260
person 576 115 28 259
person 604 107 11 267
person 602 103 34 271
person 611 101 36 273
person 1101 124 7 250
person 1111 125 8 249
person 1093 126 14 248
person 681 141 26 233
person 1029 98 34 276
person 1007 96 40 278
person 645 100 19 274
person 654 104 12 270
person 655 89 44 285
person 703 99 34 275
person 663 93 45 281
person 788 111 24 263
person 735 107 29 267
person 831 98 26 276
person 848 105 33 269
person 809 101 26 273
person 821 101 31 273
person 822 101 31 273
person 876 91 43 283
person 907 104 34 270
person 953 83 42 291
person 919 103 46 271
person 311 126 19 248
person 314 111 19 263
person 339 107 29 267
person 357 114 26 260
person 130 115 16 259
car 0 99 102 275
car 1201 124 62 250
car 1099 121 124 253
