person 461 110 11 264
person 486 109 13 265
person 353 125 8 249
person 401 111 14 263
person 394 115 11 259
person 792 103 8 271
person 906 100 6 274
person 937 99 9 275
person 942 97 22 277
person 959 86 10 288
person 980 92 9 282
person 950 83 34 291
person 979 79 37 295
person 1047 74 26 300
person 1030 68 30 306
person 1090 59 51 315
person 1144 84 11 290
person 1153 79 18 295
person 1231 68 18 306
person 1053 74 57 300
person 108 132 11 242
person 111 135 13 239
person 119 129 25 245
person 280 122 13 252
person 291 128 8 246
person 300 126 10 248
person 316 117 11 257
person 309 125 9 249
person 326 128 9 246
person 332 124 13 250
person 313 125 16 249
person 229 124 12 250
person 240 125 8 249
person 244 126 15 248
person 257 126 9 248
person 213 127 14 247
person 224 127 30 247
person 255 125 30 249
person 137 56 55 318
car 322 115 173 259
car 804 99 139 275
car 1012 74 254 300
car 739 106 65 268
car 524 109 65 265
car 788 106 43 268
car 574 115 27 259
car 726 112 24 262
car 642 109 24 265
car 614 115 18 259
car 670 115 18 259
car 692 109 24 265
car 720 112 18 262
car 636 115 18 259
car 689 112 15 262
car 599 112 24 262
car 499 127 55 247
bicycle 183 143 59 231
car 0 109 114 265
truck 642 102 27 272
