person 895 102 33 272
person 231 134 29 240
person 252 136 12 238
person 950 84 62 290
motorbike 841 143 96 231
car 645 133 158 241
car 621 143 46 231
car 254 137 142 237
car 360 140 65 234
car 409 143 37 231
car 590 137 34 237
car 391 146 37 228
car 444 140 34 234
car 577 137 31 237
car 568 143 15 231
car 552 143 18 231
car 459 130 40 244
car 465 140 21 234
car 596 133 65 241
car 478 143 21 231
car 611 143 31 231
bicycle 152 152 124 222
bicycle 1127 127 102 247
bicycle 211 165 65 209
bicycle 1065 130 65 244
