person 1065 83 19 291
person 1026 88 18 286
person 1003 87 13 287
person 995 88 9 286
person 950 80 18 294
person 970 83 21 291
person 935 81 19 293
person 904 87 7 287
person 910 74 22 300
person 470 79 31 295
person 481 85 39 289
person 310 89 31 285
person 324 96 33 278
person 683 65 22 309
person 662 53 29 321
person 693 69 52 305
person 251 166 19 208
person 240 58 70 316
person 166 63 19 311
person 105 47 69 327
person 163 53 83 321
person 4 62 55 312
person 369 55 81 319
person 931 87 10 287
car 996 90 152 284
car 1096 84 59 290
bicycle 326 133 155 241
bicycle 649 127 142 247
bicycle 527 112 118 262
bicycle 521 118 40 256
bicycle 757 115 71 259
bicycle 947 109 55 265
bicycle 965 115 24 259
bicycle 975 102 34 272
bicycle 621 143 37 231
bicycle 621 121 62 253
bicycle 928 102 34 272
bicycle 897 102 62 272
bicycle 950 112 21 262
bicycle 655 93 46 281
bicycle 776 106 65 268
bicycle 885 121 18 253
bicycle 720 118 62 256
bicycle 745 106 65 268
motorbike 850 102 55 272
car 1201 71 68 303
