person 289 135 13 239
person 310 126 7 248
person 655 95 24 279
person 679 105 36 269
person 720 65 55 309
person 947 51 55 323
person 786 50 64 324
person 868 72 65 302
person 941 66 35 308
person 949 63 70 311
person 729 69 50 305
person 676 91 42 283
person 317 127 6 247
person 377 122 11 252
car 475 81 155 293
car 422 118 59 256
bicycle 0 130 18 244
bicycle 21 124 59 250
bicycle 6 140 34 234
truck 145 19 170 355
bicycle 59 127 34 247
bicycle 93 124 31 250
bicycle 111 118 34 256
car 394 121 34 253
