person 817 92 6 282
person 806 93 9 281
person 767 108 8 266
person 790 106 8 268
person 791 94 18 280
person 781 103 12 271
person 776 106 10 268
person 873 83 7 291
person 880 83 9 291
person 894 85 8 289
person 922 80 9 294
person 1033 52 22 322
person 1231 45 24 329
person 648 94 5 280
person 654 98 12 276
person 646 93 21 281
person 628 109 11 265
person 638 120 5 254
person 637 100 18 274
person 560 120 5 254
person 539 113 8 261
person 523 110 5 264
person 519 112 6 262
person 523 102 19 272
person 542 103 17 271
person 595 92 15 282
person 608 91 25 283
person 580 98 19 276
person 575 102 19 272
person 476 101 6 273
person 469 100 8 274
person 442 100 9 274
person 339 107 7 267
person 327 105 9 269
person 275 99 20 275
person 234 105 11 269
person 246 103 18 271
person 86 51 103 323
person 33 61 79 313
car 248 109 161 265
car 975 65 242 309
car 375 99 108 275
car 673 96 105 278
car 891 81 130 293
car 1130 37 139 337
car 801 90 96 284
car 481 109 24 265
car 658 109 24 265
bicycle 490 115 49 259
car 869 87 40 287
car 565 137 68 237
