person 682 97 9 277
person 567 103 6 271
person 585 101 8 273
person 576 101 11 273
person 359 76 25 298
person 339 73 14 301
person 304 86 13 288
person 262 67 24 307
person 206 50 37 324
person 31 40 55 334
person 3 51 11 323
person 441 65 31 309
person 399 59 49 315
person 730 100 7 274
person 806 79 44 295
person 539 98 8 276
person 706 89 25 285
truck 639 74 43 300
bus 639 74 40 300
motorbike 708 124 15 250
car 922 81 347 293
car 0 81 40 293
car 729 84 59 290
car 468 93 43 281
bicycle 509 106 31 268
truck 465 68 55 306
bicycle 229 87 102 287
bicycle 260 93 102 281
bicycle 366 96 40 278
motorbike 692 112 12 262
car 776 40 139 334
