person 403 0 6 7
person 694 114 5 260
person 271 5 8 369
person 310 5 6 369
person 358 1 6 373
person 278 1 9 373
person 319 3 8 371
person 703 114 6 260
person 406 0 12 8
person 461 1 6 373
person 505 0 9 7
person 514 0 9 6
person 581 0 9 374
person 591 0 10 6
person 673 0 10 6
person 576 2 6 372
person 604 0 8 6
person 619 0 13 6
person 638 0 13 6
person 708 113 5 261
person 725 2 8 372
person 744 1 8 373
person 767 0 11 6
person 780 0 7 6
person 788 1 5 373
person 834 2 6 372
person 794 1 8 373
person 713 0 10 6
person 820 4 6 370
person 686 0 13 6
person 373 4 8 370
person 204 5 9 369
person 739 112 6 262
person 805 107 7 267
person 813 106 9 268
person 875 105 9 269
person 894 103 10 271
person 852 104 9 270
person 442 125 6 249
car 878 112 59 262
car 655 115 34 259
car 791 112 37 262
car 605 118 34 256
car 832 112 59 262
car 496 121 31 253
car 767 112 24 262
car 444 124 37 250
car 574 121 24 253
car 636 118 18 256
car 605 118 18 256
car 555 112 31 262
bus 453 102 62 272
bus 916 0 350 251
