greetrafficlight 295 0 36 15
person 691 -62 8 437
person 646 -52 11 427
person 497 24 11 350
person 652 -48 8 423
person 509 20 13 354
person 567 0 9 9
person 576 0 9 9
person 328 107 15 267
person 411 91 40 283
person 342 110 19 264
person 510 96 9 278
person 605 99 11 275
person 482 91 21 283
person 485 93 32 281
person 532 99 14 275
person 506 89 37 285
person 536 86 31 288
person 588 101 22 273
person 561 87 44 287
person 609 92 39 282
person 445 96 39 278
person 666 78 49 296
person 139 103 12 271
car 711 112 204 262
bus 683 59 416 315
bicycle 130 124 18 250
