person 539 0 5 15
person 247 102 7 272
person 490 93 5 281
person 482 96 11 278
person 436 97 7 277
person 324 99 9 275
person 450 97 11 277
person 493 95 8 279
person 513 96 8 278
person 501 94 14 280
person 522 94 15 280
person 813 66 41 308
person 909 55 36 319
person 859 74 18 300
person 1103 46 49 328
person 1161 36 44 338
person 526 8 8 366
person 221 102 8 272
person 546 4 8 370
person 472 97 13 277
car 74 106 62 268
car 242 99 49 275
car 593 90 96 284
car 118 99 40 275
bicycle 931 102 49 272
bicycle 965 109 15 265
bicycle 844 96 24 278
bicycle 779 102 37 272
bus 583 68 220 306
bus 31 87 71 287
