person 811 88 8 286
person 885 90 8 284
person 1027 110 6 264
person 1021 107 6 267
person 1015 110 8 264
person 972 107 6 267
person 980 106 11 268
person 909 105 8 269
person 862 92 23 282
person 714 94 44 280
person 1251 73 17 301
person 514 75 10 299
person 530 88 8 286
person 562 83 11 291
person 586 91 28 283
person 572 100 38 274
person 528 124 8 250
person 576 85 44 289
person 530 104 47 270
person 526 74 58 300
person 636 97 40 277
person 649 84 47 290
person 442 76 6 298
person 432 74 12 300
person 420 77 14 297
person 450 77 6 297
person 465 75 8 299
person 476 77 10 297
person 485 77 12 297
person 460 76 14 298
person 402 84 7 290
person 409 83 16 291
person 463 85 8 289
person 417 89 25 285
person 416 107 26 267
person 463 94 10 280
person 434 96 26 278
person 458 98 10 276
person 480 91 20 283
person 488 91 27 283
person 467 90 34 284
person 435 83 46 291
person 59 77 13 297
person 78 58 18 316
person 154 66 9 308
person 144 58 14 316
person 100 65 12 309
person 106 65 15 309
person 116 54 19 320
person 129 55 22 319
person 161 56 14 318
person 113 73 26 301
person 187 57 16 317
person 126 73 32 301
person 209 72 13 302
person 196 85 16 289
person 170 70 32 304
person 152 82 24 292
person 206 92 18 282
person 40 83 26 291
person 13 76 41 298
person 71 80 37 294
person 365 76 6 298
person 327 70 14 304
person 309 73 11 301
person 282 73 6 301
person 285 73 9 301
person 253 77 11 297
person 256 82 11 292
person 238 61 21 313
person 290 70 16 304
person 270 74 16 300
person 235 73 17 301
person 340 70 16 304
person 318 82 23 292
person 255 86 30 288
person 324 88 25 286
person 255 110 13 264
person 367 82 22 292
person 337 81 44 293
person 291 83 44 291
person 279 80 52 294
person 224 96 45 278
person 205 94 45 280
person 250 88 52 286
person 385 88 41 286
person 811 120 18 254
person 878 100 24 274
car 944 112 99 262
car 779 96 40 278
car 1034 109 93 265
car 906 115 34 259
car 885 106 52 268
bus 1031 34 236 340
car 680 106 127 268
motorbike 785 102 136 272
