person 1055 102 8 272
person 1090 104 11 270
person 1080 102 14 272
person 1062 99 21 275
person 1122 99 16 275
person 1098 91 22 283
person 1134 91 8 283
person 1159 92 6 282
person 1183 98 14 276
person 1160 89 22 285
person 1237 92 19 282
person 1257 94 13 280
person 498 133 5 241
person 1053 102 7 272
truck 791 0 478 279
car 611 112 108 262
car 0 155 59 219
car 499 124 62 250
car 444 133 37 241
car 49 143 55 231
car 1229 109 40 265
car 1254 112 15 262
car 114 115 316 259
car 357 96 96 278
car 468 133 21 241
bus 565 106 55 268
