person 795 73 5 301
person 1106 97 14 277
person 1117 97 13 277
person 39 102 7 272
person 28 106 8 268
person 1237 59 32 315
person 961 47 91 327
person 1059 81 73 293
person 870 110 5 264
person 903 103 13 271
person 889 110 13 264
person 820 112 6 262
person 813 112 6 262
person 682 109 8 265
person 675 107 6 267
person 613 107 9 267
person 554 107 6 267
person 596 111 24 263
person 568 109 26 265
person 541 114 6 260
person 540 106 27 268
person 515 115 23 259
person 447 110 16 264
person 408 101 22 273
person 364 96 29 278
person 349 113 19 261
person 304 100 27 274
car 835 106 21 268
car 869 109 18 265
car 847 109 21 265
car 568 115 83 259
car 885 109 15 265
car 900 106 15 268
car 909 112 68 262
car 791 109 21 265
car 645 115 31 259
car 673 115 34 259
car 689 102 65 272
car 903 96 55 278
