person 951 91 22 283
person 922 91 27 283
person 901 89 24 285
person 1013 84 14 290
person 996 84 8 290
person 990 84 31 290
person 385 108 9 266
person 418 109 14 265
person 874 86 31 288
person 711 50 66 324
person 371 110 15 264
person 310 106 19 268
person 396 110 15 264
car 624 96 34 278
car 599 96 24 278
car 565 96 34 278
bicycle 683 137 158 237
motorbike 0 124 24 250
bicycle 860 112 43 262
car 673 96 24 278
bicycle 298 130 37 244
car 649 96 15 278
car 835 87 40 287
car 791 87 34 287
car 829 90 18 284
bicycle 77 214 86 160
bicycle 416 124 27 250
