person 1064 103 5 271
person 1070 104 7 270
person 1079 107 8 267
person 1107 104 9 270
person 1098 109 10 265
person 1178 100 11 274
person 1184 105 12 269
person 1126 102 21 272
person 1149 102 19 272
person 1167 102 16 272
person 1202 96 11 278
person 1193 98 15 276
person 1244 94 5 280
person 1215 98 12 276
person 1204 93 26 281
person 1225 96 25 278
person 1252 94 17 280
person 959 102 40 272
person 979 88 37 286
person 931 109 8 265
person 920 114 6 260
person 915 112 5 262
person 909 112 6 262
person 558 118 11 256
person 480 123 8 251
person 465 124 9 250
person 431 126 6 248
person 435 124 9 250
person 409 127 9 247
person 417 124 9 250
person 383 122 12 252
person 368 127 5 247
person 372 124 16 250
person 355 127 17 247
person 319 124 11 250
person 197 131 10 243
person 269 127 7 247
person 274 125 11 249
person 261 126 10 248
person 254 127 13 247
person 126 130 16 244
person 159 136 14 238
person 168 125 33 249
person 199 134 14 240
person 134 127 32 247
person 92 122 24 252
person 49 127 18 247
person 37 129 20 245
person 16 127 24 247
person 63 127 44 247
person 221 130 11 244
person 444 125 9 249
car 434 127 127 247
car 543 127 55 247
car 1006 106 74 268
car 583 118 52 256
car 621 118 74 256
car 947 109 24 265
car 854 112 18 262
car 866 109 18 265
car 819 112 24 262
