person 807 102 7 272
person 811 104 9 270
person 917 96 8 278
person 911 96 8 278
person 902 97 9 277
person 949 55 79 319
person 970 41 103 333
person 675 112 6 262
person 610 47 88 327
person 603 69 87 305
person 332 119 8 255
person 431 75 68 299
person 407 75 76 299
person 477 43 64 331
person 517 55 107 319
person 467 61 112 313
person 791 156 29 218
person 739 40 77 334
person 337 120 10 254
person 347 117 10 257
person 363 78 68 296
person 246 73 38 301
person 220 124 13 250
person 261 24 109 350
person 186 92 36 282
person 157 55 65 319
person 225 92 56 282
person 190 206 27 168
person 3 295 28 79
person 190 43 121 331
person 72 41 99 333
person 103 43 127 331
person 816 61 83 313
person 393 116 7 258
person 398 117 13 257
car 878 102 68 272
car 683 112 31 262
bicycle 711 357 74 17
bicycle 3 143 34 231
car 1124 78 145 296
