person 1167 7 102 367
person 1059 78 22 296
person 1013 50 36 324
person 935 81 18 293
person 936 84 32 290
person 941 125 25 249
person 916 112 29 262
person 1002 76 9 298
person 970 71 36 303
person 979 44 86 330
person 1081 58 83 316
person 283 92 21 282
person 298 101 11 273
person 310 98 19 276
person 853 87 37 287
person 819 88 36 286
person 810 80 39 294
person 781 88 39 286
person 149 92 6 282
person 137 91 8 283
person 62 86 5 288
person 70 85 7 289
person 4 102 6 272
person 33 101 12 273
person 64 96 9 278
person 32 98 21 276
person 18 97 24 277
person 65 98 16 276
person 48 96 24 278
person 150 97 13 277
person 133 99 23 275
car 0 93 52 281
truck 304 56 161 318
