person 611 111 9 263
person 620 114 5 260
person 624 114 7 260
person 635 115 7 259
person 668 114 11 260
person 674 112 10 262
person 695 109 9 265
person 683 111 13 263
person 709 107 13 267
person 700 110 13 264
person 726 107 14 267
person 814 93 24 281
person 847 99 22 275
person 878 96 27 278
person 1070 84 45 290
person 1118 63 49 311
person 404 118 8 256
person 395 117 8 257
person 330 118 9 256
person 309 117 10 257
person 297 115 13 259
person 316 112 14 262
person 242 111 19 263
person 218 111 19 263
car 6 106 167 268
car 0 109 15 265
car 499 118 18 256
bus 540 96 34 278
bus 462 102 31 272
