person 84 128 12 246
person 1263 73 6 301
person 1242 76 27 298
person 1209 70 40 304
person 1152 110 15 264
person 882 116 6 258
person 469 132 9 242
person 479 135 6 239
person 949 95 19 279
person 965 92 22 282
person 990 79 27 295
person 491 133 8 241
car 0 130 71 244
car 798 115 31 259
car 130 133 90 241
car 276 130 71 244
car 80 137 90 237
car 357 137 37 237
car 391 130 37 244
car 229 127 59 247
car 341 140 34 234
car 428 130 34 244
car 695 118 34 256
bicycle 972 127 12 247
bicycle 956 124 9 250
truck 692 93 40 281
bus 630 96 43 278
