person 96 86 11 288
person 106 92 11 282
person 113 84 17 290
person 142 84 16 290
person 129 85 15 289
person 155 89 12 285
person 197 89 9 285
person 233 84 14 290
person 238 83 25 291
person 293 79 21 295
person 279 88 19 286
person 838 88 9 286
person 644 93 8 281
person 490 84 16 290
person 509 81 18 293
person 761 85 14 289
person 744 87 20 287
person 844 90 24 284
person 884 83 24 291
person 890 85 18 289
person 83 85 16 289
car 1006 71 149 303
car 1167 71 102 303
car 940 74 105 300
car 6 93 43 281
car 913 81 62 293
car 642 93 65 281
car 1074 62 192 312
car 863 93 27 281
car 922 90 37 284
bicycle 565 112 21 262
bicycle 531 112 24 262
bicycle 546 112 21 262
car 760 78 34 296
car 711 78 31 296
car 608 93 68 281
car 804 90 31 284
motorbike 493 96 34 278
motorbike 385 93 49 281
