person 503 141 5 233
person 495 142 6 232
person 554 142 5 232
person 619 138 5 236
person 632 137 6 237
person 677 141 6 233
person 684 142 6 232
person 692 141 6 233
person 703 140 6 234
person 696 143 9 231
person 719 144 9 230
person 704 141 18 233
person 757 148 7 226
person 781 136 8 238
person 783 125 14 249
person 760 125 23 249
person 837 163 6 211
person 829 123 10 251
person 788 106 32 268
person 872 163 5 211
person 819 158 6 216
person 814 113 20 261
person 865 112 19 262
person 864 114 5 260
person 834 110 16 264
person 840 102 30 272
person 883 115 10 259
person 951 113 11 261
person 935 120 19 254
person 985 114 12 260
person 970 110 22 264
person 1013 108 22 266
person 956 104 31 270
person 911 94 29 280
person 882 105 36 269
person 988 103 36 271
person 1033 76 48 298
person 423 146 10 228
person 432 148 9 226
person 646 143 16 231
person 662 140 17 234
bicycle 645 161 21 213
bicycle 667 161 12 213
car 552 146 18 228
