greetrafficlight 111 -122 37 497
person 505 88 24 286
person 472 91 15 283
person 527 81 34 293
person 558 89 31 285
person 445 89 37 285
person 479 74 37 300
person 203 128 9 246
person 698 108 15 266
person 680 99 19 275
person 767 119 10 255
person 755 113 11 261
person 930 102 14 272
person 823 112 12 262
person 701 93 25 281
person 50 114 14 260
person 72 119 10 255
person 254 87 15 287
person 323 80 31 294
person 604 104 15 270
person 621 98 18 276
bus 260 68 170 306
car 978 106 136 268
car 0 40 180 334
bicycle 326 118 31 256
bicycle 605 124 15 250
bicycle 614 124 21 250
bicycle 586 127 15 247
car 1114 87 155 287
bicycle 630 124 21 250
