person 796 115 8 259
person 790 117 8 257
person 805 114 11 260
person 817 115 10 259
person 837 117 8 257
person 822 119 9 255
person 831 117 9 257
person 869 111 10 263
person 897 118 8 256
person 888 110 13 264
person 875 112 18 262
person 917 110 18 264
person 996 114 13 260
person 983 112 15 262
person 970 101 17 273
person 1021 115 8 259
person 1010 119 14 255
person 1028 115 18 259
person 1058 114 7 260
person 1062 112 12 262
person 1050 117 14 257
person 1075 100 22 274
person 1101 106 21 268
person 1113 109 22 265
person 1159 102 16 272
person 1145 107 20 267
person 530 120 6 254
person 314 119 7 255
person 123 115 12 259
person 171 115 13 259
person 155 112 19 262
person 131 110 30 264
person 208 118 8 256
person 216 120 5 254
person 234 117 6 257
person 254 117 19 257
person 275 120 11 254
person 295 117 12 257
person 326 117 9 257
person 316 115 14 259
person 336 119 9 255
person 386 122 10 252
person 354 121 11 253
person 731 119 7 255
person 743 117 7 257
person 241 119 13 255
car 642 115 77 259
car 611 115 18 259
bus 3 15 99 359
bicycle 726 124 9 250
