person 740 101 10 273
person 750 100 9 274
person 766 101 6 273
person 757 97 11 277
person 773 96 11 278
person 817 94 6 280
person 812 92 9 282
person 797 91 21 283
person 821 89 12 285
person 826 85 16 289
person 879 92 11 282
person 1006 77 18 297
person 910 81 18 293
person 885 82 31 292
person 919 87 27 287
person 979 77 20 297
person 956 81 27 293
person 1109 114 9 260
person 1078 65 38 309
person 1044 66 40 308
person 1118 121 7 253
person 1121 66 41 308
person 1162 53 39 321
person 278 122 6 252
person 360 117 7 257
car 676 106 55 268
car 586 112 43 262
car 658 102 24 272
car 649 109 24 265
car 127 109 86 265
car 509 106 49 268
car 562 99 27 275
car 273 109 43 265
car 378 109 46 265
car 444 112 31 262
