person 1106 85 9 289
person 1154 69 18 305
person 1130 73 19 301
person 1104 86 34 288
person 360 109 9 265
person 922 99 6 275
person 840 92 9 282
person 829 93 5 281
person 834 93 5 281
person 784 90 8 284
person 672 95 22 279
person 703 93 28 281
person 724 84 19 290
person 600 118 5 256
person 755 97 20 277
person 775 101 16 273
person 803 91 22 283
person 776 125 11 249
person 781 92 23 282
person 1049 97 11 277
person 1060 92 13 282
person 1036 89 11 285
person 1006 98 8 276
person 997 92 10 282
person 986 87 13 287
person 1011 83 14 291
person 1012 87 12 287
person 1035 84 15 290
person 1022 83 18 291
person 1073 95 9 279
person 858 92 7 282
person 1078 83 16 291
person 1093 81 18 293
person 844 94 17 280
person 863 84 14 290
person 857 98 19 276
person 847 98 24 276
person 892 79 8 295
person 907 85 9 289
person 898 83 10 291
person 903 91 19 283
person 891 91 14 283
person 876 91 11 283
person 852 89 5 285
car 490 115 59 259
car 332 112 59 262
car 276 115 34 259
car 307 112 31 262
car 425 112 40 262
car 1099 15 167 359
