person 121 128 11 246
person 159 138 12 236
person 183 142 7 232
person 186 135 18 239
person 231 131 18 243
person 215 135 12 239
person 252 133 9 241
person 264 137 12 237
person 294 133 9 241
person 527 105 12 269
person 509 117 11 257
person 473 122 9 252
person 460 123 9 251
person 452 123 10 251
person 433 125 9 249
person 439 123 9 251
person 356 125 5 249
person 352 129 8 245
person 339 133 8 241
person 344 131 11 243
person 386 128 13 246
person 368 132 13 242
person 1063 38 57 336
person 1060 22 58 352
person 702 68 11 306
person 701 53 29 321
person 687 69 22 305
person 632 47 77 327
person 716 50 70 324
person 798 26 43 348
person 863 26 32 348
person 896 21 49 353
person 883 29 63 345
person 831 20 53 354
person 802 30 62 344
person 971 9 65 365
person 939 26 53 348
person 280 135 11 239
person 304 133 9 241
person 421 122 5 252
person 946 29 61 345
car 1211 3 59 371
car 472 130 43 244
car 123 140 33 234
