person 198 93 9 281
person 4 84 13 290
person 1197 -113 25 488
person 1249 -112 19 487
person 1226 -113 28 488
person 728 39 6 335
person 1090 -71 13 446
person 1053 -76 14 451
person 1121 -103 23 478
person 1138 -105 24 480
person 1219 22 49 352
person 1014 -83 17 458
person 1028 -83 26 458
person 1001 -77 14 452
person 1116 53 22 321
person 968 55 60 319
person 904 65 70 309
person 822 62 68 312
person 65 76 29 298
person 22 63 56 311
person 213 75 42 299
person 236 74 40 300
person 114 76 50 298
person 413 49 66 325
person 430 69 49 305
person 458 14 6 360
person 531 45 68 329
person 614 75 65 299
person 1045 14 73 360
person 1104 6 81 368
bicycle 993 118 260 256
bicycle 962 124 108 250
car 645 112 31 262
car 605 96 40 278
