person 34 89 25 285
person 50 83 24 291
person 4 89 26 285
person 113 96 27 278
person 447 96 27 278
person 570 93 10 281
person 599 97 12 277
person 605 93 21 281
person 629 100 23 274
person 649 93 18 281
person 729 97 21 277
person 722 105 14 269
person 722 115 25 259
person 748 138 8 236
person 764 107 16 267
person 702 97 29 277
person 750 99 24 275
person 770 106 16 268
person 807 111 21 263
person 813 107 29 267
person 833 145 27 229
person 934 138 6 236
person 934 131 7 243
person 919 113 15 261
person 949 130 13 244
person 483 96 31 278
person 468 126 5 248
person 832 85 44 289
person 980 130 15 244
person 968 133 14 241
person 970 131 13 243
person 1008 131 10 243
person 996 132 13 242
person 1016 131 15 243
person 1031 130 11 244
person 1017 134 16 240
person 1035 138 14 236
person 1126 157 8 217
person 1109 147 13 227
person 1166 153 8 221
person 1161 158 17 216
person 1121 81 53 293
person 1076 94 47 280
person 426 91 30 283
car 484 96 136 278
car 198 90 186 284
car 180 127 24 247
bicycle 1226 158 37 216
car 409 121 15 253
car 124 109 46 265
car 863 124 21 250
