person 363 92 18 282
person 276 114 7 260
person 347 96 26 278
person 477 91 8 283
person 886 -53 16 428
person 916 -27 8 402
person 939 -31 8 406
person 925 -52 20 427
person 984 -46 26 421
person 1257 -75 11 450
person 1236 -90 19 465
person 1180 -79 23 454
person 1155 -62 15 437
person 1116 -63 12 438
person 1132 -67 22 442
person 1039 -39 20 414
person 1060 -59 28 434
person 1091 -59 22 434
person 979 78 15 296
person 942 81 19 293
person 888 81 42 293
person 919 73 34 301
person 947 70 39 304
car 642 115 105 259
car 602 102 27 272
