person 786 106 6 268
person 792 105 8 269
person 796 106 6 268
person 834 99 11 275
person 813 103 7 271
person 816 102 10 272
person 936 95 8 279
person 969 94 8 280
person 965 98 6 276
person 1111 89 11 285
person 1006 24 112 350
person 1198 66 34 308
person 1212 30 57 344
person 1187 65 91 309
person 861 68 57 306
person 860 65 55 309
person 908 66 53 308
person 686 107 5 267
person 681 110 8 264
person 687 110 12 264
person 670 109 13 265
person 628 68 50 306
person 689 54 72 320
person 512 117 14 257
person 477 123 13 251
person 468 119 14 255
person 383 117 14 257
person 372 117 7 257
person 374 119 10 255
person 326 119 8 255
person 384 122 12 252
person 360 119 10 255
person 331 117 10 257
person 295 124 10 250
person 290 119 7 255
person 303 122 12 252
person 218 125 8 249
person 235 125 9 249
person 167 120 31 254
person 171 124 13 250
person 130 122 14 252
person 135 124 14 250
person 316 122 15 252
person 534 76 45 298
person 491 121 12 253
person 228 127 9 247
person 417 119 11 255
person 424 117 12 257
person 406 115 6 259
person 396 117 13 257
person 337 117 17 257
person 748 60 54 314
person 530 118 7 256
person 525 119 7 255
person 148 126 13 248
car 574 112 55 262
bicycle 714 357 68 17
bicycle 419 124 15 250
bicycle 99 155 18 219
car 826 99 37 275
car 944 102 71 272
bicycle 372 127 15 247
motorbike 220 133 46 241
bicycle 105 140 49 234
car 661 127 43 247
