person 157 112 7 262
person 199 107 6 267
person 212 107 6 267
person 250 106 9 268
person 261 108 7 266
person 274 108 6 266
person 267 106 9 268
person 304 106 7 268
person 296 104 12 270
person 308 107 8 267
person 332 107 16 267
person 349 104 16 270
person 365 102 13 272
person 386 104 10 270
person 383 105 6 269
person 683 87 12 287
person 682 92 13 282
person 672 97 22 277
person 699 87 19 287
person 725 90 14 284
person 712 91 30 283
person 740 102 17 272
person 759 91 16 283
person 775 81 33 293
person 771 93 39 281
person 1222 260 19 114
person 1001 69 32 305
person 1147 61 16 313
person 1132 68 21 306
person 1068 70 49 304
person 849 71 47 303
person 802 74 49 300
person 1196 0 73 353
car 531 109 180 265
car 108 121 74 253
car 195 115 59 259
car 242 118 55 256
car 170 112 37 262
car 90 118 34 256
bicycle 313 130 24 244
bicycle 437 121 34 253
bicycle 326 130 24 244
bicycle 394 127 59 247
bicycle 341 130 31 244
bicycle 298 127 24 247
bicycle 378 130 24 244
bicycle 434 137 21 237
bicycle 366 130 18 244
bicycle 394 130 27 244
car 49 124 43 250
car 24 118 31 256
car 456 59 152 315
