person 809 99 5 275
person 927 98 13 276
person 947 97 9 277
person 963 97 6 277
person 954 94 13 280
person 983 96 6 278
person 977 96 6 278
person 986 99 8 275
person 1008 95 11 279
person 1072 93 14 281
person 1094 96 8 278
person 1111 96 7 278
person 1096 93 17 281
person 1127 87 11 287
person 1114 89 19 285
person 1143 90 11 284
person 1153 91 5 283
person 1162 86 10 288
person 1157 89 12 285
person 1171 85 10 289
person 1183 86 14 288
person 1219 81 9 293
person 1227 87 15 287
person 1209 88 16 286
person 893 102 12 272
person 901 92 23 282
person 934 90 23 284
person 878 95 30 279
person 839 115 20 259
person 845 101 25 273
person 804 100 5 274
person 758 105 5 269
person 749 104 5 270
person 711 97 18 277
person 713 95 30 279
person 722 93 33 281
person 665 92 31 282
person 596 91 14 283
person 584 97 26 277
person 558 98 19 276
person 188 106 16 268
person 154 119 11 255
person 142 117 11 257
person 127 119 16 255
person 637 100 28 274
person 86 117 11 257
person 168 114 13 260
person 8 104 39 270
person 3 141 13 233
person 781 103 6 271
person 770 103 6 271
person 990 88 27 286
person 562 93 18 281
car 968 99 298 275
car 683 99 31 275
car 605 109 34 265
car 518 102 37 272
car 860 99 31 275
car 816 102 24 272
car 832 102 18 272
car 459 112 59 262
car 34 90 195 284
