person 211 135 5 239
person 155 127 8 247
person 165 130 8 244
person 595 119 8 255
person 606 127 7 247
person 614 128 7 246
person 745 111 15 263
person 772 114 9 260
person 763 114 11 260
person 778 112 12 262
person 785 105 11 269
person 798 110 16 264
person 935 103 18 271
person 1098 88 30 286
person 1139 84 30 290
person 830 90 44 284
person 856 85 59 289
person 569 119 12 255
person 955 96 16 278
person 1001 90 20 284
bus 639 74 105 300
car 400 118 139 256
car 350 124 55 250
car 260 133 21 241
car 521 121 18 253
car 0 102 149 272
bus 223 115 34 259
motorbike 565 137 15 237
