person 955 104 5 270
person 683 100 7 274
person 663 102 10 272
person 622 95 11 279
person 599 94 9 280
person 424 81 20 293
person 439 83 31 291
person 380 82 22 292
person 358 84 35 290
person 323 68 34 306
person 272 83 37 291
person 273 139 22 235
person 780 69 43 305
person 953 93 31 281
person 1171 46 37 328
person 242 65 53 309
car 571 93 37 281
car 742 109 31 265
car 763 112 18 262
bicycle 909 133 34 241
bicycle 372 109 34 265
car 0 59 124 315
car 1102 56 161 318
car 670 109 34 265
car 639 102 37 272
car 617 99 37 275
car 605 99 27 275
car 701 102 37 272
car 692 109 34 265
motorbike 981 112 96 262
bicycle 968 115 121 259
car 456 71 130 303
car 822 87 99 287
