person 954 91 20 283
person 898 89 19 285
person 870 94 18 280
person 767 92 8 282
person 580 99 8 275
person 819 78 29 296
person 487 91 19 283
person 487 96 17 278
person 354 63 49 311
person 165 7 122 367
car 590 59 127 315
motorbike 481 102 27 272
car 52 102 74 272
car 751 99 149 275
car 431 99 27 275
car 397 96 52 278
car 152 112 15 262
car 447 102 18 272
car 291 102 24 272
car 245 109 27 265
bicycle 142 146 149 228
bicycle 354 127 34 247
bicycle 1248 124 21 250
car 0 96 31 278
bus 465 53 86 321
