person 708 114 11 260
person 723 117 9 257
person 745 112 16 262
person 732 107 14 267
person 863 87 16 287
person 865 95 36 279
person 909 78 37 296
person 961 74 46 300
person 1002 81 43 293
person 1004 82 44 292
person 1112 74 29 300
person 1059 86 44 288
person 1258 88 10 286
person 1144 86 31 288
person 1162 84 45 290
person 1147 124 41 250
person 1248 153 19 221
person 1201 72 60 302
person 231 132 6 242
person 203 126 13 248
person 954 109 26 265
car 385 130 40 244
car 425 130 24 244
car 614 127 21 247
car 602 124 18 250
car 540 130 15 244
car 630 127 18 247
bicycle 757 127 118 247
car 295 130 24 244
bus 493 112 31 262
car 555 130 12 244
