person 193 91 7 283
person 1169 -113 11 488
person 209 86 12 288
person 228 91 8 283
person 1149 85 28 289
person 822 107 6 267
person 799 104 6 270
person 785 98 18 276
person 785 101 17 273
person 970 104 8 270
person 802 92 24 282
person 70 102 5 272
person 200 85 10 289
person 3 104 40 270
person 352 105 8 269
person 334 106 9 268
person 345 105 8 269
person 322 106 7 268
person 317 105 6 269
person 619 112 6 262
person 684 114 6 260
person 932 94 11 280
person 885 92 26 282
person 909 83 34 291
person 940 85 32 289
person 908 89 29 285
person 937 91 25 283
person 994 92 27 282
person 996 96 19 278
person 965 79 44 295
person 1068 101 9 273
person 1077 92 21 282
person 1075 96 21 278
person 1088 95 36 279
person 1100 88 39 286
person 1023 83 21 291
person 1026 73 49 301
person 1024 78 39 296
person 1163 -109 13 484
person 1157 -82 11 457
person 13 98 14 276
person 721 99 20 275
person 691 98 23 276
person 844 105 11 269
person 822 105 30 269
person 844 89 32 285
car 257 99 62 275
car 192 106 40 268
bicycle 717 133 18 241
bus 360 53 192 321
bus 524 130 136 244
bicycle 24 115 37 259
bicycle 686 130 24 244
bus 80 96 124 278
