person 55 126 14 248
person 139 119 12 255
person 124 119 18 255
person 156 124 16 250
person 166 103 34 271
person 237 116 18 258
person 210 135 13 239
person 215 117 32 257
person 247 104 33 270
person 11 123 22 251
person 348 109 18 265
person 332 100 26 274
person 314 106 34 268
person 279 105 36 269
person 358 114 22 260
person 437 139 29 235
person 415 118 22 256
person 370 100 31 274
person 394 103 27 271
person 602 112 16 262
person 543 116 14 258
person 484 106 45 268
person 552 112 25 262
person 537 110 22 264
person 514 105 42 269
person 573 105 32 269
person 654 117 8 257
person 657 120 13 254
person 636 121 29 253
person 694 114 24 260
person 667 158 22 216
person 668 107 37 267
person 745 109 10 265
person 703 89 54 285
person 826 114 11 260
person 811 114 16 260
person 790 112 24 262
person 740 93 57 281
person 868 102 16 272
person 852 110 24 264
person 969 94 31 280
person 819 81 62 293
person 1173 86 65 288
person 876 68 56 306
person 918 84 60 290
person 990 90 48 284
