person 787 99 9 275
person 840 98 6 276
person 844 93 16 281
person 830 92 14 282
person 845 93 18 281
person 870 95 14 279
person 905 92 11 282
person 898 91 11 283
person 913 87 21 287
person 985 84 18 290
person 1048 69 27 305
person 1104 137 37 237
person 1156 67 35 307
person 941 67 34 307
person 945 76 31 298
person 926 101 19 273
person 938 104 24 270
person 1233 63 39 311
person 309 115 10 259
person 196 121 13 253
person 886 78 18 296
person 205 114 18 260
person 743 91 26 283
person 704 91 32 283
car 481 112 83 262
car 0 71 273 303
car 372 115 62 259
car 667 106 37 268
car 322 121 43 253
bicycle 704 137 31 237
bus 711 40 77 334
car 608 96 74 278
