person 1017 86 11 288
person 1002 83 20 291
person 980 103 10 271
person 1052 79 9 295
person 255 95 7 279
person 104 86 7 288
person 94 79 16 295
person 231 93 9 281
person 113 83 21 291
person 140 84 14 290
person 216 95 13 279
person 48 86 22 288
person 4 84 13 290
person 393 101 8 273
person 613 104 8 270
person 603 107 6 267
person 578 104 9 270
person 591 102 7 272
person 585 102 8 272
person 797 97 8 277
person 813 92 6 282
person 809 94 7 280
person 842 95 5 279
person 950 100 13 274
person 963 99 11 275
person 1072 84 26 290
person 386 34 70 340
person 508 0 103 332
car 791 99 59 275
car 742 96 55 278
car 360 102 24 272
car 344 102 27 272
car 617 102 15 272
car 385 102 12 272
bicycle 1149 109 71 265
car 841 84 111 290
car 664 93 46 281
bicycle 136 118 65 256
bus 282 74 71 300
bus 562 96 21 278
