person 149 111 6 263
person 50 113 11 261
person 659 105 11 269
person 637 104 9 270
person 699 101 15 273
person 773 125 6 249
person 734 102 19 272
person 757 99 17 275
person 775 102 19 272
person 902 93 9 281
person 816 96 19 278
person 835 88 14 286
person 892 94 16 280
person 885 96 9 278
person 904 79 29 295
person 859 97 12 277
person 931 85 25 289
person 972 69 29 305
person 949 52 44 322
person 1008 83 21 291
person 1004 81 43 293
person 1002 77 48 297
person 1204 61 60 313
car 204 118 62 256
car 617 109 52 265
car 490 84 142 290
car 661 106 93 268
car 406 115 46 259
car 465 106 40 268
car 450 115 15 259
bicycle 739 118 34 256
bicycle 729 133 37 241
bicycle 791 118 65 256
