person 833 93 6 281
person 826 93 9 281
person 796 92 8 282
person 794 96 6 278
person 788 92 9 282
person 724 83 5 291
person 717 83 6 291
person 710 81 8 293
person 719 91 7 283
person 722 114 8 260
person 668 83 10 291
person 677 81 5 293
person 624 81 6 293
person 647 82 5 292
person 652 78 6 296
person 656 78 5 296
person 641 83 8 291
person 630 79 8 295
person 580 74 11 300
person 590 78 8 296
person 597 74 10 300
person 606 81 9 293
person 501 74 6 300
person 521 76 6 298
person 514 72 8 302
person 504 76 8 298
person 509 76 12 298
person 535 79 9 295
person 524 74 11 300
person 547 78 7 296
person 563 72 8 302
person 570 76 9 298
person 551 79 8 295
person 559 77 11 297
person 462 67 13 307
person 443 80 7 294
person 449 69 12 305
person 462 73 12 301
person 586 98 13 276
person 596 99 12 275
person 528 96 6 278
person 531 97 10 277
person 552 99 9 275
person 536 98 13 276
person 567 97 12 277
person 513 104 10 270
person 521 98 10 276
person 431 77 8 297
person 411 73 7 301
person 422 79 16 295
person 401 69 14 305
person 369 68 6 306
person 380 70 5 304
person 223 63 14 311
person 259 76 5 298
person 269 76 9 298
person 263 77 8 297
person 311 78 7 296
person 336 78 9 296
person 313 76 12 298
person 324 71 13 303
person 281 76 9 298
person 298 73 5 301
person 289 73 13 301
person 301 73 12 301
person 249 73 12 301
person 242 92 10 282
person 233 67 16 307
person 189 68 9 306
person 175 63 16 311
person 107 73 13 301
person 72 61 14 313
person 92 81 10 293
person 57 55 11 319
person 38 67 7 307
person 41 56 17 318
person 6 55 15 319
person 16 51 15 323
person 23 54 16 320
person 726 96 8 278
person 702 93 11 281
person 78 101 9 273
person 82 94 18 280
person 626 97 31 277
person 424 110 12 264
motorbike 596 124 105 250
car 1114 87 55 287
car 506 115 99 259
car 642 99 71 275
car 1012 87 40 287
bicycle 52 112 52 262
bicycle 149 109 49 265
bicycle 254 106 46 268
car 385 102 99 272
truck 953 112 24 262
car 916 87 40 287
