person 837 117 8 257
person 679 146 5 228
person 406 124 10 250
person 408 122 21 252
person 390 116 12 258
person 375 116 17 258
person 354 143 11 231
person 334 128 29 246
person 270 124 41 250
person 231 127 26 247
person 118 65 44 309
person 58 37 102 337
person 851 115 11 259
person 602 103 54 271
person 727 107 34 267
person 946 127 42 247
person 988 124 40 250
person 1084 108 28 266
person 1061 107 27 267
person 1124 94 40 280
person 254 122 18 252
person 4 78 32 296
motorbike 835 130 83 244
car 1074 90 195 284
car 416 121 83 253
car 6 168 90 206
car 549 124 21 250
car 586 124 18 250
car 596 121 21 253
car 531 124 24 250
car 673 115 34 259
bicycle 357 143 68 231
bicycle 760 140 65 234
car 717 130 90 244
car 667 118 18 256
car 642 124 24 250
bicycle 40 158 223 216
bicycle 139 137 189 237
bus 711 109 105 265
car 552 109 34 265
