person 739 114 13 260
person 810 118 11 256
person 780 115 11 259
person 782 119 11 255
person 761 117 12 257
person 913 112 9 262
person 963 117 6 257
person 975 115 6 259
person 981 115 7 259
person 1011 106 13 268
person 1215 90 23 284
person 619 120 11 254
person 610 116 13 258
person 595 124 6 250
person 586 122 10 252
person 578 121 9 253
person 571 117 8 257
person 558 117 8 257
person 533 119 9 255
person 545 119 9 255
person 326 130 8 244
person 308 128 9 246
person 181 119 10 255
person 200 119 9 255
person 185 117 18 257
person 204 117 18 257
person 996 106 13 268
person 562 117 11 257
person 170 122 11 252
bus 350 84 180 290
car 74 118 108 256
car 0 124 86 250
car 826 106 74 268
bus 897 99 86 275
car 764 122 21 252
