person 35 -102 6 477
person 827 108 5 266
person 881 114 11 260
person 577 116 8 258
person 554 119 6 255
person 536 119 7 255
person 201 59 9 315
person 260 35 10 339
person 275 31 12 343
person 291 37 8 337
person 299 35 9 339
person 311 32 8 342
person 266 35 10 339
person 275 41 7 333
person 254 49 12 325
person 242 53 7 321
person 893 23 8 351
person 899 22 8 352
person 857 27 6 347
person 823 27 6 347
person 804 25 5 349
person 798 22 8 352
person 755 23 8 351
person 728 23 9 351
person 713 29 5 345
person 696 28 6 346
person 691 32 5 342
person 673 29 7 346
person 663 29 9 346
person 654 27 8 347
person 616 28 7 346
person 621 27 8 347
person 644 29 6 346
person 638 28 7 346
person 437 33 9 341
person 486 37 8 337
person 467 35 8 339
person 528 37 5 337
person 953 25 7 349
person 922 24 8 350
person 536 33 7 341
person 558 29 10 345
person 399 94 27 280
person 946 104 8 270
person 952 106 7 268
person 894 107 20 267
person 906 109 16 265
person 1129 102 13 272
person 1132 107 13 267
person 1100 106 6 268
person 1014 109 16 265
person 1060 110 6 264
person 1048 104 8 270
person 1035 106 17 268
person 1023 115 18 259
person 1063 112 8 262
person 1050 110 14 264
person 1062 135 12 239
person 1108 99 36 275
person 1085 105 16 269
person 1081 92 26 282
person 962 97 36 277
person 949 104 35 270
car 0 90 145 284
car 133 81 316 293
car 484 121 68 253
car 683 118 27 256
car 791 118 34 256
car 639 115 31 259
car 574 124 34 250
car 593 124 34 250
car 543 124 31 250
car 127 90 62 284
car 810 115 24 259
car 565 124 27 250
bus 602 93 62 281
bus 869 74 62 300
