person 1132 137 9 237
person 1097 130 13 244
person 1104 128 33 246
person 885 140 29 234
person 897 130 18 244
person 818 143 7 231
person 963 89 35 285
person 749 128 8 246
person 764 126 14 248
person 749 128 19 246
person 1177 92 42 282
person 1141 82 42 292
person 817 83 40 291
person 826 101 37 273
person 735 128 8 246
person 864 87 39 287
person 704 124 10 250
person 788 68 37 306
person 705 85 42 289
person 588 119 14 255
person 606 92 32 282
person 636 87 41 287
person 706 89 32 285
person 674 91 35 283
person 379 124 6 250
person 363 125 11 249
person 381 125 14 249
person 373 128 8 246
person 351 122 12 252
person 343 128 8 246
person 327 120 16 254
person 127 119 12 255
person 150 114 13 260
person 136 120 14 254
person 972 104 10 270
car 350 109 214 265
car 102 115 236 259
bicycle 546 146 46 228
