person 1262 117 7 257
person 962 117 6 257
person 965 117 10 257
person 1000 101 16 273
person 583 76 14 298
person 645 84 20 290
person 673 91 18 283
person 590 89 27 285
person 545 55 49 319
person 516 68 52 306
person 4 81 32 293
person 3 114 9 260
person 129 94 12 280
person 113 87 26 287
person 132 86 38 288
person 87 85 42 289
person 229 84 35 290
person 258 88 31 286
person 354 76 40 298
person 314 63 64 311
person 780 49 86 325
person 709 37 94 337
person 1198 97 24 277
person 618 88 29 286
car 1034 96 189 278
bicycle 409 121 62 253
bicycle 164 118 59 256
bicycle 49 124 37 250
motorbike 1198 118 37 256
