person 971 83 7 291
person 977 83 6 291
person 629 79 8 295
person 634 76 9 298
person 642 76 11 298
person 703 70 7 304
person 697 68 11 306
person 674 69 10 305
person 685 68 13 306
person 672 76 6 298
person 465 79 8 295
person 431 68 5 306
person 452 61 14 313
person 440 55 15 319
person 394 36 16 338
person 381 35 18 339
person 341 36 20 338
person 299 31 13 343
person 481 69 22 305
person 279 15 24 359
person 109 68 34 306
person 126 73 23 301
person 106 69 35 305
person 510 73 31 301
person 1157 75 6 299
person 1099 99 21 275
person 1066 88 18 286
person 1244 89 22 285
person 1217 89 22 285
person 928 81 27 293
person 951 69 24 305
person 703 83 25 291
person 736 79 29 295
person 798 85 36 289
person 827 91 24 283
car 173 90 344 284
