person 681 109 12 265
person 793 107 15 267
person 706 111 8 263
person 695 109 11 265
person 713 112 11 262
person 699 112 13 262
person 752 109 13 265
person 832 99 12 275
person 867 101 19 273
person 839 88 32 286
person 811 96 24 278
person 919 84 18 290
person 883 86 41 288
person 1040 86 30 288
person 1009 85 32 289
person 963 68 39 306
person 1186 74 31 300
person 1193 99 27 275
person 1252 95 14 279
car 605 118 74 256
car 425 127 52 247
car 388 130 40 244
car 639 118 111 256
car 493 127 27 247
car 527 127 24 247
car 546 127 21 247
car 468 124 18 250
car 521 127 15 247
bicycle 956 143 65 231
bicycle 1121 143 139 231
bicycle 978 143 77 231
bicycle 1037 161 86 213
bicycle 1015 146 74 228
bicycle 1052 146 127 228
bicycle 810 133 68 241
bicycle 726 140 62 234
bicycle 841 140 105 234
car 558 109 68 265
