person 697 86 7 288
person 684 87 7 287
person 866 84 5 290
person 884 79 8 295
person 893 81 9 293
person 953 61 14 313
person 982 69 9 305
person 457 106 6 268
person 467 104 6 270
person 314 104 8 270
person 207 106 10 268
person 178 111 8 263
person 167 107 9 267
person 151 107 9 267
person 111 -81 17 456
person 169 -74 11 449
person 181 -73 9 448
person 196 -74 8 449
person 152 -85 18 460
person 1170 -102 16 477
person 991 -84 7 459
person 848 -89 8 464
person 850 -91 13 466
person 818 -84 8 459
person 808 -82 5 457
person 796 -98 12 473
person 647 -96 19 471
person 547 -82 7 457
person 563 -88 15 463
person 527 -96 11 471
person 505 -95 9 470
person 511 -100 21 475
person 463 -83 12 458
person 475 -90 14 465
person 295 -89 13 464
person 306 -92 15 467
person 308 -85 11 460
person 363 -85 13 460
person 383 -84 9 459
person 348 -91 15 466
person 1127 -107 14 482
person 1114 -101 9 476
person 1120 -99 18 474
person 1075 -94 11 469
person 1058 -103 19 478
person 1083 -102 14 477
person 1051 -89 5 464
person 1038 -95 15 470
person 790 91 19 283
person 1142 53 14 321
person 1132 45 10 329
person 1039 61 16 313
person 1055 59 29 315
person 1080 39 37 335
person 1111 45 41 329
person 1046 45 40 329
person 1100 -103 21 478
person 1121 -88 21 463
person 495 103 6 271
person 44 101 17 273
person 126 103 16 271
person 994 63 22 311
car 751 78 71 296
car 922 78 130 296
car 885 81 80 293
car 844 84 62 290
car 1114 68 152 306
car 276 109 52 265
car 326 96 74 278
car 257 112 24 262
car 52 109 80 265
bus 338 65 105 309
car 552 93 68 281
car 145 112 52 262
car 195 112 55 262
bus 726 62 55 312
bus 776 25 86 349
bus 667 90 49 284
