person 198 113 18 261
person 119 114 30 260
person 653 109 8 265
person 611 109 9 265
person 638 111 6 263
person 671 114 5 260
person 646 110 8 264
person 178 116 18 258
person 660 107 10 267
person 331 72 49 302
person 390 68 46 306
person 449 115 13 259
car 909 90 211 284
car 767 90 105 284
car 543 115 31 259
car 701 99 59 275
car 754 99 37 275
car 428 118 31 256
car 698 109 21 265
bicycle 394 124 31 250
bicycle 326 121 49 253
car 617 112 18 262
car 475 102 49 272
car 521 115 27 259
car 1027 43 232 331
