person 1103 112 6 262
person 1073 114 9 260
person 1062 110 11 264
person 888 117 9 257
person 763 120 8 254
person 672 120 14 254
person 645 119 15 255
person 609 120 13 254
person 588 122 13 252
person 571 123 11 251
person 548 124 13 250
person 860 101 31 273
person 882 38 107 336
person 1076 19 122 355
person 500 120 13 254
person 483 125 14 249
person 426 123 13 251
person 403 119 17 255
person 379 121 14 253
person 81 123 12 251
person 269 109 21 265
person 130 138 16 236
person 247 17 178 357
person 518 120 16 254
truck 931 74 111 300
car 0 130 161 244
car 810 118 65 256
car 1021 112 37 262
car 1257 106 12 268
car 1201 106 27 268
car 1257 99 9 275
car 1065 112 18 262
bicycle 413 140 21 234
bicycle 503 130 37 244
