person 334 103 34 271
person 359 132 10 242
person 371 132 9 242
person 801 131 17 243
person 822 130 10 244
person 804 132 29 242
person 847 143 40 231
person 929 189 8 185
person 883 76 36 298
person 896 79 60 295
person 1035 82 61 292
person 1142 66 43 308
person 1140 84 47 290
person 945 65 78 309
person 832 79 59 295
person 961 50 93 324
person 1064 68 98 306
person 1166 65 90 309
person 825 137 22 237
car 496 130 31 244
car 425 137 31 237
car 416 137 24 237
car 397 133 21 241
car 562 124 96 250
car 381 140 24 234
bicycle 708 137 133 237
car 537 112 55 262
car 360 180 21 194
car 347 137 24 237
car 0 0 347 329
