person 894 99 8 275
person 900 100 5 274
person 904 99 7 275
person 914 97 11 277
person 996 35 23 339
person 998 28 83 346
person 1228 43 40 331
person 1177 55 91 319
person 795 24 102 350
person 795 42 78 332
person 38 122 16 252
person 724 110 6 264
person 725 112 6 262
person 732 120 5 254
person 739 109 13 265
person 616 112 13 262
person 681 127 62 247
person 616 114 12 260
person 585 112 15 262
person 624 26 101 348
person 651 37 101 337
person 740 33 116 341
person 218 123 8 251
person 558 122 6 252
person 490 113 6 261
person 482 118 8 256
person 487 118 14 256
person 452 114 8 260
person 436 114 11 260
person 442 117 16 257
person 263 122 8 252
person 326 179 70 195
person 361 69 71 305
person 339 50 108 324
person 56 99 56 275
person 77 68 77 306
person 159 61 88 313
person 111 92 87 282
person 4 103 42 271
person 268 38 83 336
person 455 114 11 260
person 425 114 13 260
person 912 96 7 278
person 524 117 10 257
person 513 117 6 257
person 255 119 9 255
person 270 88 89 286
car 944 99 62 275
bicycle 416 127 43 247
motorbike 1130 99 55 275
car 881 102 65 272
