person 642 93 11 281
person 780 81 40 293
person 993 69 29 305
person 963 74 43 300
person 1047 58 26 316
person 807 60 39 314
person 715 70 51 304
person 647 77 50 297
person 578 95 13 279
person 341 80 45 294
person 327 83 31 291
person 342 82 49 292
person 775 95 8 279
person 725 89 12 285
person 785 96 5 278
person 429 92 13 282
person 531 91 13 283
person 842 93 8 281
car 937 81 332 293
car 403 102 133 272
car 916 93 62 281
bicycle 714 360 65 14
car 602 93 96 281
car 695 96 31 278
car 673 87 37 287
car 409 93 43 281
