person 1234 92 48 282
person 980 78 34 296
person 952 70 40 304
person 865 73 31 301
person 820 69 29 305
person 827 84 40 290
person 840 88 34 286
person 381 86 5 288
person 547 74 12 300
person 585 69 13 305
person 567 73 22 301
person 639 72 28 302
person 613 65 27 309
person 520 83 14 291
person 467 73 14 301
person 475 66 26 308
person 499 69 23 305
person 440 76 20 298
person 363 83 50 291
person 13 66 13 308
person 160 66 14 308
person 66 65 14 309
person 37 68 6 306
person 318 68 17 306
car 102 78 71 296
car 158 68 65 306
car 0 71 55 303
car 34 78 77 296
bicycle 332 99 55 275
bicycle 447 102 59 272
bicycle 394 99 62 275
car 195 62 155 312
