person 495 110 8 264
person 553 114 6 260
person 604 114 6 260
person 573 114 8 260
person 541 114 7 260
person 528 107 11 267
person 649 113 6 261
person 611 117 7 257
person 665 114 8 260
person 693 98 17 276
person 714 98 18 276
person 846 84 26 290
person 900 56 47 318
person 949 59 49 315
person 472 109 8 265
person 374 109 9 265
person 367 110 6 264
person 362 114 8 260
person 355 110 7 264
person 347 110 5 264
person 340 112 10 262
person 319 112 10 262
person 310 110 5 264
person 304 109 6 265
person 285 110 6 264
person 175 112 10 262
person 225 111 11 263
person 189 124 8 250
person 151 114 11 260
person 712 102 27 272
person 350 109 7 265
person 325 112 11 262
person 293 110 11 264
person 278 110 8 264
person 244 106 11 268
car 360 106 121 268
car 192 121 24 253
car 183 121 21 253
car 37 115 37 259
car 472 115 15 259
car 0 159 40 215
