person 1242 80 9 294
person 1252 79 13 295
person 980 106 33 268
person 1007 129 10 245
person 1052 60 25 314
person 1061 29 59 345
person 1022 45 37 329
person 911 20 61 354
person 978 20 68 354
person 277 124 5 250
person 268 126 10 248
person 4 110 30 264
person 55 107 34 267
person 431 116 6 258
person 420 114 11 260
person 425 118 9 256
person 444 117 5 257
person 439 119 8 255
person 450 115 9 259
person 475 119 8 255
person 465 113 11 261
person 554 117 6 257
person 539 112 9 262
person 541 115 10 259
person 495 117 6 257
person 486 112 9 262
person 506 117 8 257
person 525 112 6 262
person 519 110 6 264
person 527 110 10 264
person 521 114 8 260
person 512 113 9 261
person 678 105 11 269
person 632 108 12 266
person 654 104 9 270
person 660 106 6 268
person 644 106 14 268
person 700 130 5 244
person 701 99 18 275
person 755 91 13 283
person 76 112 11 262
person 664 102 23 272
person 711 71 45 303
person 767 9 106 365
bus 276 78 130 296
bicycle 801 155 55 219
bicycle 723 130 31 244
