person 790 102 8 272
person 727 108 7 266
person 732 105 8 269
person 735 102 8 272
person 762 106 8 268
person 713 107 8 267
person 719 104 8 270
person 551 118 8 256
person 515 122 8 252
person 559 119 8 255
person 1247 70 7 304
person 1262 70 5 304
person 1234 71 8 303
person 1163 76 9 298
person 1103 79 12 295
person 1130 85 17 289
person 860 104 11 270
person 841 99 17 275
person 1143 80 13 294
person 745 104 7 270
person 1098 78 12 296
person 594 116 6 258
person 586 113 8 261
bus 881 0 223 183
car 857 90 31 284
car 866 109 18 265
car 795 99 62 275
car 732 102 46 272
car 683 106 34 268
