offtrafficlight 1220 -117 37 492
offtrafficlight 965 -80 17 455
offtrafficlight 273 43 12 331
offtrafficlight 757 49 7 325
person 824 91 9 283
person 832 94 11 280
person 847 84 8 290
person 839 86 14 288
person 760 84 16 290
person 719 81 9 293
person 684 57 40 317
person 722 47 44 327
person 768 57 36 317
person 853 47 50 327
person 889 47 51 327
person 1083 48 32 326
person 1099 49 51 325
person 570 69 18 305
person 550 58 25 316
person 525 63 37 311
person 560 50 44 324
person 469 66 24 308
person 490 59 39 315
person 211 102 11 272
person 225 99 14 275
person 402 102 11 272
person 80 103 12 271
person 35 105 10 269
person 42 106 13 268
person 97 46 56 328
person 4 65 29 309
car 922 78 167 296
car 1133 87 18 287
bicycle 80 115 62 259
bicycle 0 143 55 231
