person 280 127 9 247
person 286 131 13 243
person 268 128 16 246
person 254 132 10 242
person 246 134 8 240
person 237 131 12 243
person 190 133 12 241
person 147 131 13 243
person 118 130 8 244
person 1049 128 9 246
person 462 115 5 259
person 501 125 6 249
person 507 124 8 250
person 1072 125 11 249
person 234 133 12 241
person 199 128 13 246
person 1070 125 6 249
bus 599 78 214 296
car 611 130 59 244
car 860 133 43 241
car 326 130 68 244
car 127 137 68 237
car 388 133 34 241
car 568 124 21 250
car 208 127 31 247
