person 1242 21 26 353
person 1052 64 10 310
person 1052 68 12 306
person 811 99 5 275
person 904 96 13 278
person 1050 58 40 316
person 976 63 37 311
person 915 84 15 290
person 926 62 37 312
person 886 97 8 277
person 817 88 14 286
person 893 86 11 288
person 867 81 19 293
person 829 89 16 285
person 784 101 11 273
person 844 81 25 293
person 848 105 13 269
person 798 94 13 280
person 768 98 13 276
person 757 99 8 275
person 663 102 6 272
person 575 109 7 265
person 518 109 6 265
person 497 114 6 260
person 834 89 13 285
person 501 110 9 264
person 493 110 5 264
person 414 110 5 264
person 445 111 6 263
person 427 114 6 260
person 419 111 5 263
person 423 120 6 254
person 416 120 10 254
person 408 113 5 261
person 401 113 7 261
person 385 115 6 259
person 627 108 8 266
car 496 121 46 253
car 46 118 121 256
car 6 127 34 247
car 158 43 232 331
car 689 118 27 256
