person 972 115 9 259
person 986 116 10 258
person 1035 98 12 276
person 1024 101 14 273
person 1048 93 14 281
person 1070 82 14 292
person 1051 89 19 285
person 1094 83 11 291
person 1076 85 32 289
person 1108 88 10 286
person 1132 93 6 281
person 1135 89 14 285
person 1113 87 11 287
person 1153 78 21 296
person 1168 83 21 291
person 1197 80 13 294
person 1181 83 24 291
person 1206 86 15 288
person 1219 79 9 295
person 1214 79 27 295
person 1198 82 28 292
person 1262 83 7 291
person 1250 83 13 291
person 1222 83 16 291
person 1231 77 29 297
person 1114 91 27 283
person 883 111 9 263
person 822 114 9 260
person 794 112 9 262
person 786 110 9 264
person 770 114 8 260
person 761 114 7 260
person 754 112 6 262
person 742 114 9 260
person 750 119 9 255
person 755 124 5 250
person 440 130 7 244
person 431 129 8 245
person 401 126 8 248
person 373 128 8 246
person 376 117 13 257
person 390 126 9 248
person 360 128 9 246
person 347 117 11 257
person 280 127 9 247
person 288 119 13 255
person 299 114 14 260
person 264 120 12 254
person 247 120 8 254
person 227 109 19 265
person 212 107 17 267
person 179 119 5 255
person 196 109 24 265
person 181 106 22 268
person 165 126 11 248
person 70 114 14 260
person 113 106 17 268
person 137 107 16 267
person 128 107 16 267
person 104 108 37 266
person 81 107 26 267
person 39 104 18 270
person 42 109 24 265
person 4 117 6 257
person 13 107 24 267
person 958 114 6 260
person 949 115 14 259
person 1145 88 13 286
person 428 136 13 238
bus 642 78 71 296
bus 444 68 121 306
car 552 109 52 265
car 1214 106 55 268
car 630 112 24 262
bus 568 99 77 275
car 711 109 27 265
