person 304 74 24 300
person 385 79 22 295
person 431 89 11 285
person 331 83 23 291
person 452 88 9 286
person 143 71 29 303
person 169 74 36 300
person 4 59 29 315
person 33 46 48 328
person 924 62 29 312
person 919 66 36 308
person 1029 78 7 296
person 1119 57 31 317
person 1090 45 47 329
person 1029 127 17 247
person 270 71 14 303
person 896 70 26 304
person 962 68 21 306
car 1114 74 149 300
motorbike 1077 71 130 303
car 204 87 145 287
car 18 87 214 287
car 0 68 34 306
car 583 99 12 275
bicycle 906 102 68 272
truck 590 0 152 177
car 347 90 114 284
car 558 93 27 281
car 521 87 34 287
