person 1209 91 11 283
person 1222 89 18 285
person 973 86 8 288
person 1144 88 12 286
person 1128 88 18 286
person 1184 90 14 284
person 1093 85 16 289
person 849 89 7 285
person 854 89 13 285
person 1075 85 12 289
person 892 91 14 283
person 978 43 76 331
person 598 81 5 293
person 607 82 5 292
person 524 83 8 291
person 529 83 8 291
person 949 88 14 286
person 915 83 17 291
person 543 82 8 292
person 758 83 16 291
person 699 89 18 285
car 1049 90 31 284
bicycle 757 109 12 265
bicycle 885 112 18 262
car 813 84 65 290
bicycle 940 102 34 272
