person 568 107 9 267
person 535 107 8 267
person 506 106 11 268
person 499 104 9 270
person 514 100 14 274
person 1039 96 26 278
person 1070 87 26 287
person 436 75 37 299
person 611 112 8 262
person 160 74 18 300
person 1101 87 16 287
car 304 90 145 284
car 0 90 413 284
car 208 93 136 281
car 661 115 27 259
car 645 118 27 256
car 636 112 18 262
bicycle 1031 124 167 250
bicycle 437 112 34 262
bicycle 1009 127 68 247
bicycle 562 118 24 256
bicycle 546 118 27 256
bicycle 496 115 24 259
bicycle 580 115 21 259
