person 218 110 11 264
person 252 108 5 266
person 239 107 13 267
person 227 113 12 261
person 347 110 11 264
person 359 108 11 266
person 578 98 8 276
person 570 97 9 277
person 652 96 17 278
person 463 96 15 278
person 668 101 14 273
person 703 100 18 274
person 733 94 9 280
person 719 90 15 284
person 776 92 16 282
person 814 94 12 280
person 829 88 14 286
person 464 43 59 331
person 502 53 79 321
person 377 18 103 356
person 274 65 91 309
person 4 78 41 296
person 872 24 125 350
car 670 102 180 272
car 201 115 99 259
car 114 112 93 262
car 1149 87 121 287
car 546 96 83 278
bicycle 770 152 406 222
car 950 81 211 293
car 3 102 164 272
car 350 112 43 262
