person 607 115 6 259
person 581 110 5 264
person 508 109 7 265
person 496 110 9 264
person 503 110 9 264
person 439 102 12 272
person 191 160 21 214
person 3 112 49 262
person 209 79 45 295
person 170 85 35 289
person 131 79 40 295
person 108 88 32 286
person 128 96 37 278
person 188 97 38 277
person 668 69 50 305
person 756 81 43 293
truck 633 56 96 318
car 857 81 232 293
car 416 112 86 262
car 788 84 105 290
car 537 109 46 265
car 577 112 24 262
car 608 115 27 259
bicycle 673 137 34 237
bicycle 838 146 34 228
bicycle 757 124 49 250
car 1043 59 214 315
