person 652 108 12 266
person 788 102 6 272
person 922 81 24 293
person 954 86 22 288
person 475 114 6 260
person 626 112 8 262
person 618 114 7 260
person 610 115 6 259
person 676 107 10 267
person 684 106 13 268
car 779 102 114 272
car 0 106 86 268
car 180 106 80 268
car 83 109 83 265
car 732 102 59 272
car 316 112 55 262
car 34 109 77 265
car 437 112 34 262
car 391 112 31 262
car 130 115 55 259
car 478 115 27 259
car 708 112 27 262
car 226 106 62 268
car 524 115 27 259
car 586 115 15 259
car 344 109 62 265
car 375 112 31 262
car 341 109 31 265
car 515 115 27 259
car 562 112 24 262
car 549 112 24 262
car 468 118 15 256
car 413 115 18 259
bicycle 645 121 21 253
bicycle 676 118 21 256
car 273 102 43 272
