person 449 120 6 254
person 442 119 6 255
person 462 120 6 254
person 416 115 8 259
person 423 108 16 266
person 373 107 6 267
person 380 106 15 268
person 389 114 16 260
person 401 115 18 259
person 418 113 22 261
person 612 119 21 255
person 687 127 16 247
person 697 119 16 255
person 793 119 8 255
person 778 117 21 257
person 808 115 19 259
person 827 112 13 262
person 354 107 25 267
person 754 115 13 259
bicycle 1096 118 173 256
car 680 112 65 262
car 503 118 59 256
bicycle 428 115 59 259
car 586 102 71 272
car 676 90 55 284
car 652 118 24 256
car 540 121 27 253
car 558 118 21 256
