person 1239 27 29 347
person 63 107 22 267
person 20 106 21 268
person 44 100 26 274
person 150 107 12 267
person 132 104 24 270
person 168 101 24 273
person 203 81 57 293
person 296 80 63 294
person 415 110 8 264
person 419 101 20 273
person 765 101 9 273
person 770 104 5 270
person 803 99 15 275
person 862 110 7 264
person 867 111 6 263
person 847 97 16 277
person 537 78 41 296
person 900 100 14 274
person 921 94 10 280
person 928 91 14 283
person 890 110 27 264
person 961 96 10 278
person 1051 96 23 278
person 959 55 83 319
person 602 70 45 304
car 624 93 204 281
car 419 106 118 268
bicycle 565 118 127 256
