person 876 75 39 299
person 919 100 37 274
person 984 45 50 329
person 916 27 81 347
person 791 90 15 284
person 1032 43 68 331
person 756 88 19 286
person 772 85 25 289
person 732 97 10 277
person 444 106 8 268
person 434 107 7 267
person 324 100 8 274
person 326 98 19 276
person 298 96 21 278
person 255 102 19 272
person 138 97 28 277
person 118 99 14 275
person 78 98 25 276
person 98 92 28 282
person 802 91 21 283
person 809 53 63 321
person 401 107 8 267
person 417 112 6 262
person 340 105 5 269
car 633 109 43 265
bicycle 819 121 49 253
bicycle 801 115 18 259
bus 450 74 136 300
truck 676 121 52 253
car 695 102 59 272
bicycle 406 112 24 262
car 658 102 31 272
