person 781 100 12 274
person 549 89 18 285
person 571 101 6 273
person 573 99 15 275
person 552 101 16 273
person 562 96 18 278
person 521 89 24 285
person 612 91 8 283
person 601 92 16 282
person 449 106 22 268
person 473 106 24 268
person 306 86 11 288
person 417 75 44 299
person 337 70 22 304
person 324 89 11 285
person 315 95 8 279
person 322 102 9 272
person 278 97 8 277
person 304 99 30 275
person 244 96 19 278
person 212 88 13 286
person 219 97 16 277
person 698 81 29 293
person 737 92 15 282
person 708 86 39 288
person 525 84 26 290
person 644 93 9 281
person 397 84 22 290
motorbike 285 106 105 268
motorbike 201 96 90 278
motorbike 34 106 99 268
motorbike 133 99 80 275
car 913 25 341 349
car 1096 40 173 334
bicycle 462 127 27 247
bicycle 680 121 21 253
car 826 65 139 309
bicycle 512 109 59 265
bicycle 611 118 43 256
