person 610 108 6 266
person 588 109 13 265
person 837 99 5 275
person 834 100 13 274
person 104 121 15 253
person 924 93 11 281
person 120 104 27 270
person 336 112 16 262
person 265 119 9 255
person 255 120 12 254
person 589 109 11 265
person 756 107 26 267
person 418 118 8 256
person 442 119 9 255
person 208 88 45 286
person 417 120 8 254
person 442 117 9 257
person 787 85 39 289
car 1052 40 217 334
car 931 93 121 281
car 0 115 124 259
car 114 121 121 253
car 819 112 74 262
car 875 102 99 272
car 490 112 59 262
car 1009 102 68 272
car 381 124 21 250
car 350 121 21 253
car 360 124 21 250
car 397 124 18 250
bicycle 788 137 34 237
bicycle 208 146 37 228
bicycle 251 130 46 244
bicycle 285 137 34 237
car 599 109 24 265
bicycle 313 130 24 244
car 416 124 24 250
bus 686 87 118 287
