person 89 107 8 267
person 490 107 10 267
person 545 108 8 266
person 530 112 6 262
person 519 107 10 267
person 204 98 15 276
person 584 112 7 262
person 675 108 8 266
person 682 118 17 256
person 687 106 8 268
person 1005 106 16 268
person 1022 105 17 269
person 877 110 15 264
person 710 112 10 262
person 705 114 24 260
person 234 92 19 282
person 163 90 21 284
person 598 108 9 266
person 1119 104 21 270
car 232 99 177 275
motorbike 161 121 24 253
bicycle 24 109 43 265
bicycle 723 115 59 259
bicycle 1102 127 52 247
bicycle 925 118 55 256
car 189 102 40 272
bus 80 84 77 290
bicycle 213 116 37 258
