person 985 119 8 255
person 1194 74 41 300
person 992 120 7 254
person 1092 0 108 286
person 683 112 8 262
person 698 112 11 262
person 808 113 13 261
person 703 95 22 279
person 721 99 21 275
person 768 104 7 270
person 788 105 16 269
person 763 97 27 277
person 813 92 44 282
person 905 44 78 330
person 88 102 6 272
person 357 96 22 278
person 332 91 27 283
person 398 93 29 281
person 426 90 16 284
person 408 100 30 274
person 468 92 29 282
person 463 92 32 282
person 437 89 35 285
person 574 99 26 275
person 475 93 27 281
person 544 92 35 282
person 552 79 42 295
person 493 81 43 293
person 1016 129 9 245
person 843 96 17 278
person 875 61 49 313
car 3 106 31 268
car 40 106 37 268
car 108 106 34 268
car 260 106 34 268
car 124 106 27 268
bicycle 838 115 105 259
car 593 118 43 256
car 583 96 62 278
