person 414 107 5 267
person 521 110 6 264
person 254 78 39 296
person 411 83 38 291
person 430 79 44 295
person 342 66 86 308
person 131 66 42 308
person 159 66 28 308
person 80 35 63 339
person 4 60 40 314
person 180 63 47 311
person 524 83 38 291
person 867 114 17 260
person 1243 127 6 247
person 1088 134 9 240
person 929 118 8 256
person 880 109 34 265
person 806 97 23 277
person 821 86 39 288
person 760 74 44 300
person 780 90 45 284
person 536 90 35 284
person 721 81 38 293
person 687 79 48 295
person 596 78 9 296
person 568 73 34 301
person 568 86 45 288
person 634 81 45 293
person 610 83 40 291
person 614 73 52 301
person 665 93 18 281
bicycle 0 158 43 216
bicycle 661 130 52 244
car 24 81 55 293
