person 218 99 9 275
person 372 105 9 269
person 394 106 7 268
person 699 115 6 259
person 725 115 9 259
person 711 114 16 260
person 698 106 17 268
person 8 99 6 275
person 1163 122 9 252
person 1199 127 11 247
person 951 118 9 256
person 960 120 11 254
person 971 126 12 248
person 1134 118 20 256
person 248 97 11 277
person 381 107 6 267
car 444 93 229 281
car 183 99 27 275
car 111 102 24 272
car 0 99 12 275
car 77 96 31 278
bicycle 236 102 43 272
car 145 102 18 272
car 1164 115 90 259
bus 940 96 108 278
bus 1058 102 102 272
