person 354 106 11 268
person 1087 45 43 329
person 1115 32 84 342
person 974 54 67 320
person 26 110 16 264
person 75 105 9 269
person 552 104 13 270
person 511 98 16 276
person 470 104 5 270
person 471 99 12 275
person 409 102 14 272
person 395 102 18 272
person 96 107 13 267
person 78 108 19 266
person 147 102 18 272
person 134 108 14 266
person 120 98 17 276
person 150 105 19 269
person 742 101 6 273
person 219 117 21 257
person 271 102 19 272
person 282 105 18 269
person 686 101 6 273
person 649 110 7 264
person 309 106 16 268
person 674 103 13 271
person 318 106 16 268
person 783 103 8 271
person 690 97 13 277
person 706 101 11 273
person 725 97 9 277
person 734 102 9 272
person 727 106 12 268
person 713 107 8 267
person 773 99 13 275
person 763 104 7 270
person 754 102 10 272
person 793 99 9 275
person 656 104 11 270
person 636 101 8 273
person 809 85 21 289
person 846 83 19 291
person 867 70 44 304
person 818 73 39 301
person 485 99 14 275
car 413 112 86 262
bicycle 478 118 31 256
