person 706 108 8 266
person 714 104 10 270
person 693 101 14 273
person 681 100 18 274
person 722 92 18 282
person 745 114 7 260
person 1056 33 67 341
person 962 32 59 342
person 893 9 75 365
person 467 115 5 259
person 469 115 9 259
person 458 114 9 260
person 438 116 6 258
person 440 117 11 257
person 429 119 8 255
person 418 115 11 259
person 404 114 12 260
person 396 110 9 264
person 99 113 15 261
person 77 112 19 262
person 50 115 18 259
person 745 77 40 297
car 493 115 37 259
car 543 112 34 262
bicycle 751 127 31 247
car 295 115 124 259
car 0 124 65 250
truck 1024 31 183 343
car 645 109 18 265
truck 664 121 21 253
bicycle 118 140 24 234
bicycle 136 137 31 237
car 158 81 173 293
car 307 78 68 296
