person 31 87 14 287
person 322 112 10 262
person 127 93 14 281
person 245 99 14 275
person 276 107 8 267
person 314 112 8 262
person 154 99 13 275
person 226 102 9 272
person 288 99 18 275
person 258 101 22 273
person 586 114 12 260
person 661 116 9 258
person 654 115 12 259
person 616 110 9 264
person 624 111 9 263
person 640 126 9 248
person 627 115 10 259
person 631 117 13 257
person 615 115 12 259
person 604 113 14 261
person 1156 126 15 248
person 1103 122 16 252
person 1106 125 18 249
person 1131 125 14 249
person 1139 124 19 250
person 1147 128 18 246
person 1120 120 19 254
person 135 97 16 277
person 191 95 8 279
person 177 96 17 278
person 536 106 18 268
bus 708 59 158 315
car 298 96 192 278
car 866 124 52 250
car 1055 133 40 241
car 0 84 80 290
car 1027 130 27 244
car 931 121 21 253
car 916 127 24 247
bicycle 83 109 52 265
bicycle 518 124 52 250
bicycle 164 109 49 265
car 1015 124 27 250
