person 498 106 9 268
person 336 95 12 279
person 1093 84 11 290
person 1037 97 42 277
person 1029 84 19 290
person 1011 87 19 287
person 883 107 9 267
person 1001 89 9 285
person 1211 17 58 357
person 931 84 21 290
person 831 95 7 279
person 814 92 21 282
person 839 92 16 282
person 856 88 20 286
person 721 107 8 267
person 575 111 6 263
person 714 105 8 269
person 786 93 9 281
person 776 99 5 275
person 531 103 18 271
person 737 92 17 282
person 695 90 29 284
person 742 77 39 297
car 161 87 263 287
car 341 87 149 287
car 6 25 236 349
car 462 102 68 272
car 518 112 18 262
bicycle 1164 106 55 268
bicycle 1121 106 80 268
bicycle 1180 112 31 262
