person 110 113 14 261
person 1249 81 20 293
person 1219 95 33 279
person 865 113 10 261
person 439 117 8 257
person 875 115 8 259
person 881 113 11 261
person 894 110 9 264
person 431 119 9 255
person 402 114 9 260
person 919 104 19 270
person 641 120 6 254
person 611 112 22 262
person 579 109 25 265
person 855 112 11 262
car 692 121 71 253
car 456 121 68 253
car 543 124 24 250
bicycle 571 140 40 234
bicycle 611 143 18 231
bicycle 1111 112 62 262
bicycle 1145 121 27 253
bicycle 919 127 21 247
bicycle 804 124 80 250
bicycle 90 137 71 237
bicycle 133 130 55 244
bicycle 378 127 52 247
car 509 161 31 213
car 558 115 31 259
car 649 127 15 247
car 624 118 21 256
car 586 146 27 228
