person 484 53 68 321
person 1204 54 32 320
person 704 103 8 271
person 709 53 53 321
person 903 68 36 306
person 1071 66 24 308
person 1047 69 15 305
person 1174 65 34 309
person 957 59 37 315
person 444 111 14 263
motorbike 440 127 15 247
motorbike 649 124 27 250
car 152 109 201 265
car 1152 133 111 241
car 459 118 24 256
car 447 121 18 253
car 0 140 9 234
bicycle 751 112 49 262
bicycle 1027 102 65 272
car 114 102 118 272
car 527 106 27 268
car 546 118 21 256
motorbike 630 115 34 259
car 593 115 46 259
car 329 106 37 268
