person 133 110 21 264
person 154 99 18 275
person 3 110 12 264
person 32 95 32 279
person 79 98 27 276
person 51 92 37 282
person 57 97 37 277
person 924 104 8 270
person 995 99 9 275
person 1003 91 11 283
person 1142 89 11 285
person 1247 92 15 282
person 894 89 36 285
person 981 101 10 273
person 937 96 35 278
person 971 98 12 276
person 1027 90 31 284
person 1210 74 37 300
person 1160 85 32 289
person 1170 77 42 297
person 1149 64 37 310
person 491 108 8 266
person 507 108 8 266
person 707 103 9 271
person 614 80 46 294
person 198 95 17 279
car 350 106 83 268
car 208 109 108 265
car 726 102 46 272
car 524 112 37 262
car 562 112 27 262
car 847 109 24 265
car 866 106 27 268
car 596 109 24 265
