person 39 135 8 239
person 157 136 9 238
person 1186 92 26 282
person 1009 105 19 269
person 966 102 18 272
car 770 106 229 268
car 344 137 102 237
car 456 130 65 244
car 0 137 80 237
car 248 133 86 241
car 723 124 31 250
car 596 130 15 244
car 531 130 34 244
car 568 130 18 244
car 586 130 18 244
car 34 140 74 234
car 664 130 21 244
car 444 133 24 241
car 434 130 24 244
car 0 137 24 237
car 717 121 27 253
bicycle 1021 118 77 256
bicycle 1149 130 55 244
bicycle 1102 130 55 244
bicycle 1052 130 80 244
bicycle 1130 121 62 253
car 77 127 90 247
bus 748 87 211 287
bus 142 124 90 250
