person 56 136 12 238
person 29 121 33 253
person 293 134 9 240
person 256 130 13 244
person 547 114 7 260
person 580 112 5 262
person 1028 95 23 279
person 1051 102 6 272
person 643 102 31 272
person 801 55 59 319
person 1201 16 79 358
person 387 89 47 285
car 1034 74 155 300
car 965 87 55 287
car 627 115 68 259
car 621 109 34 265
bicycle 357 152 118 222
bicycle 1217 158 49 216
bicycle 310 146 24 228
bicycle 465 124 21 250
bicycle 329 146 21 228
bicycle 481 127 18 247
bicycle 447 127 24 247
bicycle 301 149 21 225
bicycle 344 146 24 228
bicycle 310 140 59 234
bicycle 431 130 24 244
bicycle 549 118 21 256
bicycle 518 118 15 256
bicycle 499 118 21 256
car 906 84 74 290
bicycle 0 152 31 222
car 881 87 46 287
truck 683 140 121 234
bicycle 748 118 180 256
car 295 112 96 262
car 439 94 98 280
