person 1232 107 11 267
person 1212 112 24 262
person 231 109 24 265
person 671 124 7 250
person 757 96 19 278
person 979 85 27 289
person 130 111 20 263
car 406 124 43 250
car 611 121 21 253
car 571 127 15 247
car 583 118 24 256
car 372 118 74 256
car 344 121 59 253
car 726 115 31 259
car 0 127 6 247
car 360 121 31 253
car 599 121 18 253
car 332 121 21 253
car 428 127 21 247
bicycle 869 146 173 228
bicycle 844 146 65 228
bicycle 872 124 80 250
car 689 124 15 250
car 701 118 18 256
car 676 118 15 256
bicycle 279 124 31 250
bus 444 53 130 321
car 630 102 37 272
