person 284 96 16 278
person 280 101 14 273
person 291 98 11 276
person 331 108 14 266
person 350 109 15 265
person 504 109 16 265
person 886 102 15 272
person 855 101 5 273
person 849 99 8 275
person 840 99 14 275
person 345 110 13 264
person 14 69 25 305
person 12 77 22 297
person 43 74 34 300
person 218 97 12 277
person 356 106 50 268
person 413 69 45 305
person 465 61 36 313
person 468 73 47 301
person 788 64 36 310
person 808 73 41 301
person 914 79 33 295
person 931 76 36 298
person 1136 109 29 265
person 1170 78 27 296
person 1143 71 32 303
person 1246 98 22 276
person 1255 74 13 300
person 1021 70 32 304
