person 139 125 41 249
person 429 123 6 251
person 571 120 5 254
person 565 118 8 256
person 442 122 11 252
person 477 121 10 253
person 591 117 8 257
person 557 119 7 255
person 679 101 19 273
person 789 107 8 267
person 804 104 11 270
person 815 110 9 264
person 821 103 10 271
person 928 64 22 310
person 985 100 26 274
person 845 39 78 335
person 697 112 12 262
car 596 102 80 272
car 344 124 68 250
car 568 124 27 250
car 664 115 18 259
bicycle 692 354 99 20
bicycle 0 158 12 216
car 826 115 24 259
bicycle 689 118 24 256
bus 745 102 34 272
