person 560 128 5 246
person 564 128 6 246
person 570 127 7 247
person 576 127 7 247
person 584 127 7 247
person 628 127 6 247
person 646 117 12 257
person 658 127 8 247
person 668 120 9 254
person 790 107 20 267
person 766 97 32 277
person 842 93 31 281
person 939 89 48 285
person 1174 110 19 264
person 1218 92 32 282
person 303 117 12 257
person 290 117 14 257
person 118 106 15 268
person 130 105 16 269
person 154 106 11 268
person 157 110 21 264
person 219 109 25 265
person 250 111 31 263
person 552 128 5 246
person 887 103 39 271
person 995 70 54 304
person 1145 103 9 271
car 456 124 80 250
bicycle 937 137 142 237
bicycle 841 124 108 250
car 605 124 18 250
bicycle 636 130 21 244
bus 499 102 46 272
