person 977 92 21 282
person 1001 95 20 279
person 1022 88 23 286
person 1171 97 6 277
person 670 109 8 265
person 681 110 6 264
person 686 110 12 264
person 722 97 26 277
person 781 100 24 274
person 968 93 18 281
person 942 78 31 296
person 1206 90 20 284
person 1224 91 27 283
person 563 112 17 262
person 575 107 21 267
person 524 112 5 262
person 406 110 9 264
person 409 114 11 260
person 437 114 14 260
person 450 115 12 259
person 483 107 14 267
person 472 109 21 265
person 489 98 34 276
person 535 146 8 228
person 528 89 32 285
person 377 114 21 260
person 358 148 15 226
person 357 119 18 255
person 375 108 21 266
person 413 109 23 265
car 810 87 142 287
bicycle 1086 106 114 268
bicycle 1176 121 68 253
bicycle 978 124 65 250
bicycle 1043 118 34 256
bicycle 524 118 37 256
bicycle 459 124 31 250
