person 644 119 18 255
person 876 114 13 260
person 903 118 11 256
person 931 110 17 264
person 949 114 18 260
person 774 67 60 307
person 484 115 11 259
person 471 120 19 254
person 376 126 9 248
person 361 128 10 246
person 303 92 60 282
person 160 55 83 319
person 122 125 14 249
person 546 71 63 303
person 50 126 19 248
person 742 124 14 250
person 833 96 24 278
car 223 118 90 256
car 599 121 27 253
car 0 112 6 262
bicycle 826 121 37 253
bicycle 354 133 59 241
car 649 121 21 253
car 627 124 15 250
bus 680 90 52 284
