person 609 115 14 259
person 576 109 19 265
person 528 112 18 262
person 388 115 11 259
person 372 110 25 264
person 233 114 14 260
person 1078 96 18 278
motorbike 0 155 55 219
motorbike 114 133 71 241
motorbike 43 149 65 225
motorbike 86 155 71 219
motorbike 173 146 43 228
car 891 93 208 281
car 860 96 71 278
car 813 112 27 262
car 711 115 34 259
car 760 112 31 262
car 850 112 21 262
car 832 112 21 262
bicycle 226 143 65 231
bicycle 326 133 31 241
bicycle 310 137 31 237
bicycle 288 137 37 237
bicycle 341 137 31 237
bicycle 273 137 37 237
car 608 118 65 256
bicycle 1068 109 46 265
car 1058 357 211 17
