person 960 82 20 292
person 940 89 20 285
person 841 89 12 285
person 851 87 16 287
person 418 115 11 259
person 427 117 13 257
person 408 117 10 257
person 398 117 12 257
person 434 102 24 272
person 511 99 21 275
person 250 119 18 255
person 230 118 21 256
person 12 119 24 255
person 4 104 16 270
motorbike 931 118 108 256
motorbike 909 112 68 262
motorbike 717 115 15 259
car 835 102 105 272
car 810 99 59 275
car 478 118 27 256
car 630 115 27 259
car 444 115 37 259
bicycle 65 146 77 228
bicycle 6 149 68 225
bicycle 0 155 37 219
bicycle 52 152 40 222
car 655 102 62 272
bicycle 757 115 34 259
bicycle 279 137 59 237
car 605 109 21 265
car 565 118 27 256
car 506 102 43 272
