person 327 155 14 219
person 465 156 8 218
person 499 158 8 216
person 509 155 7 219
person 525 152 7 222
person 615 146 12 228
person 816 119 32 255
person 853 126 26 248
person 870 109 29 265
person 958 115 22 259
person 939 115 28 259
person 1004 135 15 239
person 1013 135 18 239
person 1031 134 29 240
person 1081 115 22 259
person 1117 174 20 200
person 1126 104 42 270
person 1203 97 27 277
person 1211 97 51 277
car 543 152 40 222
car 624 143 27 231
car 649 146 31 228
car 611 146 24 228
bicycle 701 155 93 219
car 689 152 6 222
bicycle 689 152 52 222
car 577 152 37 222
bicycle 506 158 34 216
