person 98 118 8 256
person 106 120 9 254
person 275 118 8 256
person 282 117 8 257
person 424 117 5 257
person 954 66 35 308
person 393 117 9 257
person 365 110 22 264
person 504 114 9 260
person 592 114 11 260
person 290 108 22 266
person 599 122 8 252
person 508 111 19 263
person 639 107 8 267
person 634 112 10 262
person 612 119 9 255
person 733 106 13 268
person 717 103 18 271
person 698 107 11 267
person 684 107 18 267
person 757 104 8 270
person 699 100 26 274
person 736 97 28 277
person 663 110 11 264
person 486 106 22 268
person 535 105 17 269
person 575 114 9 260
car 450 118 24 256
car 462 115 21 259
car 409 115 24 259
bicycle 96 137 55 237
bicycle 90 149 34 225
bicycle 130 143 24 231
bicycle 462 127 62 247
bicycle 521 124 40 250
bicycle 0 161 37 213
bicycle 24 165 37 209
bicycle 49 133 55 241
car 18 109 111 265
car 381 115 24 259
