person 934 102 12 272
person 1011 76 19 298
person 951 75 33 299
person 1137 65 47 309
person 1244 168 14 206
person 1203 0 68 374
person 1078 33 65 341
person 1024 86 39 288
person 517 109 6 265
person 1060 60 77 314
person 1163 109 50 265
person 885 86 22 288
person 559 114 6 260
person 523 114 6 260
person 531 114 6 260
person 399 115 16 259
person 387 103 16 271
person 416 101 20 273
person 289 106 13 268
person 306 108 19 266
person 258 94 39 280
person 358 83 34 291
person 463 83 49 291
person 574 96 29 278
person 653 65 49 309
person 129 74 45 300
person 37 80 57 294
person 804 93 8 281
person 810 91 13 283
person 811 83 26 291
bicycle 127 96 99 278
