person 855 65 21 309
person 862 67 39 307
person 372 107 9 267
person 385 107 5 267
person 129 102 15 272
person 150 106 12 268
person 735 96 6 278
person 740 96 9 278
person 822 74 28 300
person 555 105 7 269
person 674 97 12 277
person 688 102 9 272
car 133 112 80 262
car 198 106 90 268
car 285 102 71 272
car 55 102 96 272
car 636 102 34 272
car 369 109 40 265
car 503 99 37 275
car 273 109 34 265
car 341 106 34 268
car 391 106 40 268
car 456 96 40 278
car 558 102 31 272
bicycle 922 106 59 268
bicycle 813 112 68 262
bicycle 956 112 62 262
bicycle 773 102 37 272
bicycle 704 115 12 259
truck 0 87 71 287
car 686 96 27 278
bicycle 686 112 12 262
bicycle 981 78 130 296
bicycle 885 84 68 290
bus 621 90 24 284
