person 1006 76 29 298
person 1022 73 44 301
person 184 110 12 264
person 74 114 16 260
person 26 128 10 246
person 4 102 23 272
person 41 105 29 269
person 282 114 11 260
person 199 103 26 271
person 237 92 26 282
person 319 109 17 265
person 334 105 16 269
person 152 91 33 283
person 834 97 13 277
person 113 107 32 267
person 141 98 38 276
person 831 99 14 275
person 3 122 7 252
person 811 89 14 285
person 874 94 19 280
person 847 86 34 288
person 309 109 10 265
person 291 100 29 274
person 434 109 16 265
person 424 108 14 266
person 403 109 11 265
person 409 103 23 271
person 508 108 14 266
person 494 107 13 267
person 498 114 21 260
person 543 112 7 262
person 527 106 11 268
person 534 112 14 262
person 565 109 12 265
person 372 94 25 280
person 348 93 28 281
person 746 102 22 272
car 655 115 34 259
bicycle 326 130 65 244
bicycle 276 133 59 241
