person 820 70 42 304
person 486 83 14 291
person 493 79 37 295
person 530 82 21 292
person 593 77 30 297
person 702 61 44 313
person 117 106 11 268
person 104 107 9 267
person 78 104 13 270
person 90 104 12 270
person 4 109 13 265
person 29 107 11 267
truck 136 12 139 362
motorbike 273 118 34 256
motorbike 360 115 34 259
bicycle 680 121 130 253
bicycle 608 127 99 247
bicycle 506 127 71 247
bicycle 391 127 37 247
bicycle 425 124 65 250
bicycle 652 124 74 250
bicycle 558 124 114 250
bicycle 363 112 62 262
bicycle 385 99 59 275
bicycle 475 127 68 247
bicycle 406 127 37 247
motorbike 285 118 71 256
car 49 109 34 265
