person 708 107 19 267
person 715 106 19 268
person 755 104 14 270
person 760 107 22 267
person 1077 101 13 273
person 1047 97 22 277
person 1022 96 24 278
person 986 102 16 272
person 995 105 17 269
person 1004 110 19 264
person 949 111 19 263
person 960 122 24 252
person 926 101 26 273
person 890 104 17 270
person 896 117 22 257
person 826 106 13 268
person 816 105 16 269
person 800 108 24 266
person 849 104 12 270
person 832 111 20 263
person 853 110 22 264
person 870 106 21 268
person 11 128 11 246
person 27 122 15 252
person 3 112 21 262
person 397 122 21 252
person 469 125 15 249
person 420 120 19 254
person 439 120 18 254
person 454 122 19 252
person 504 112 18 262
person 761 107 21 267
bus 1074 43 195 331
car 229 124 127 250
bicycle 478 130 24 244
car 108 121 139 253
