person 222 125 8 249
person 18 94 44 280
person 106 91 44 283
person 675 122 8 252
person 705 128 7 246
person 1258 194 9 180
person 883 130 7 244
person 832 127 5 247
person 894 122 9 252
person 1032 104 25 270
person 993 101 43 273
person 1094 119 26 255
person 789 107 22 267
person 966 103 10 271
person 938 106 27 268
person 1004 104 129 270
person 875 135 9 239
person 1194 17 74 357
person 901 110 70 264
person 684 122 9 252
person 217 127 16 247
car 406 109 142 265
car 1133 90 65 284
bicycle 49 146 55 228
bicycle 6 149 65 225
bicycle 0 152 34 222
bicycle 0 155 12 219
motorbike 195 130 59 244
