person 809 113 6 261
person 851 97 12 277
person 835 96 19 278
person 870 99 6 275
person 509 106 8 268
person 483 104 14 270
person 469 99 13 275
person 436 104 11 270
person 298 108 16 266
person 280 104 18 270
person 204 107 17 267
person 214 106 22 268
person 812 104 9 270
person 813 98 19 276
person 362 77 43 297
car 456 112 111 262
car 546 68 220 306
car 0 93 170 281
car 1065 56 204 318
car 742 109 43 265
car 263 106 177 268
car 0 74 77 300
bicycle 366 143 31 231
car 854 53 372 321
bus 596 0 133 102
