person 242 132 7 242
person 232 138 11 236
person 224 140 28 234
person 210 140 20 234
person 550 106 12 268
person 630 114 9 260
person 635 117 12 257
person 1042 89 22 285
person 995 88 19 286
person 968 88 32 286
bus 0 74 208 300
car 1152 81 118 293
car 1018 81 198 293
car 484 109 71 265
car 1009 93 34 281
car 1158 78 77 296
bicycle 375 143 27 231
bicycle 363 143 24 231
bicycle 397 146 24 228
bicycle 326 146 27 228
bicycle 347 146 24 228
bicycle 413 143 21 231
bicycle 313 140 55 234
bicycle 313 146 27 228
car 642 106 52 268
car 745 90 226 284
car 695 81 108 293
bicycle 0 146 27 228
car 549 115 83 259
truck 605 87 83 287
truck 462 93 111 281
bicycle 434 124 34 250
motorbike 621 90 24 284
bus 310 106 99 268
bus 248 102 62 272
bus 214 106 59 268
