person 242 120 14 254
person 260 115 16 259
person 300 116 16 258
person 333 119 11 255
person 721 114 10 260
person 752 101 17 273
person 855 89 37 285
person 945 81 57 293
person 168 107 18 267
person 147 108 25 266
person 839 91 37 283
person 573 88 35 286
person 636 104 29 270
person 690 102 29 272
car 419 109 55 265
truck 596 96 52 278
car 534 109 37 265
car 621 112 74 262
car 593 118 37 256
car 608 115 31 259
car 583 99 55 275
car 391 118 37 256
bicycle 577 130 24 244
bicycle 630 143 31 231
bicycle 689 133 27 241
bus 378 96 130 278
bus 242 93 108 281
truck 506 90 55 284
car 680 109 68 265
bicycle 276 124 43 250
