person 752 111 9 263
person 777 110 8 264
person 706 107 6 267
person 727 109 8 265
person 972 110 6 264
person 992 109 13 265
person 1042 112 7 262
person 1035 111 10 263
person 1015 116 6 258
person 996 112 21 262
person 1009 121 13 253
person 1022 97 17 277
person 1119 101 12 273
person 1178 113 15 261
person 737 109 14 265
person 599 118 6 256
person 611 116 8 258
person 266 53 67 321
person 668 112 11 262
car 546 99 65 275
car 788 106 40 268
car 518 99 59 275
car 779 109 34 265
car 456 84 74 290
car 298 87 214 287
car 813 84 164 290
