person 1208 108 12 266
person 1189 109 30 265
person 1211 97 22 277
person 890 119 17 255
person 906 103 36 271
person 1125 108 21 266
person 776 97 24 277
person 26 88 27 286
person 54 90 24 284
person 85 95 26 279
person 124 90 24 284
person 90 110 23 264
person 5 82 31 292
person 53 110 59 264
person 107 110 36 264
person 331 89 31 285
person 477 93 32 281
person 293 99 29 275
bicycle 363 121 59 253
bicycle 1093 130 62 244
bicycle 981 130 68 244
bicycle 1245 133 24 241
bicycle 546 130 34 244
bicycle 611 140 34 234
bicycle 0 124 40 250
bicycle 503 133 34 241
bicycle 720 121 77 253
bicycle 614 130 59 244
bicycle 285 112 49 262
