person 1103 88 34 286
person 959 106 24 268
person 758 102 22 272
person 785 99 41 275
person 818 102 15 272
person 833 93 26 281
person 527 100 22 274
person 491 97 18 277
person 468 87 34 287
person 393 69 86 305
person 9 115 29 259
person 51 115 26 259
person 77 114 29 260
person 678 62 93 312
person 524 99 54 275
bicycle 270 133 83 241
bicycle 928 133 55 241
bicycle 878 124 37 250
bicycle 599 127 102 247
bicycle 891 130 71 244
bicycle 316 140 52 234
bicycle 850 127 59 247
bicycle 782 127 27 247
motorbike 577 130 62 244
