person 908 103 27 271
person 1039 91 27 283
person 688 117 5 257
person 319 102 20 272
car 779 115 139 259
car 375 121 99 253
car 562 118 27 256
car 695 115 31 259
car 527 121 37 253
car 739 112 40 262
car 583 118 21 256
car 763 109 90 265
car 652 118 18 256
car 897 106 31 268
car 596 118 15 256
car 686 115 12 259
car 670 115 12 259
bicycle 990 118 74 256
bicycle 956 118 77 256
bicycle 301 124 55 250
bicycle 472 121 43 253
bicycle 490 124 40 250
car 0 0 298 258
motorbike 0 0 298 258
bus 0 0 298 258
car 0 0 298 258
