person 990 61 65 313
person 1048 54 68 320
person 581 135 13 239
person 495 137 13 237
person 760 119 18 255
person 15 133 20 241
person 149 140 12 234
person 157 135 19 239
person 126 139 29 235
person 188 137 11 237
person 40 139 19 235
person 57 140 22 234
car 164 127 145 247
car 354 140 52 234
car 437 140 34 234
car 409 140 31 234
car 465 143 27 231
car 630 137 31 237
car 676 133 52 241
car 391 140 34 234
car 729 133 21 241
car 518 137 43 237
car 279 124 86 250
car 922 115 139 259
car 813 124 62 250
car 776 118 65 256
car 555 146 18 228
car 863 115 99 259
