person 129 122 14 252
person 244 119 26 255
person 229 123 18 251
person 444 126 6 248
person 319 128 6 246
person 368 130 8 244
person 373 127 12 247
person 409 128 6 246
person 326 110 16 264
person 510 112 18 262
person 575 117 11 257
person 565 118 15 256
person 1042 114 16 260
person 1051 110 16 264
person 1034 110 19 264
person 976 112 13 262
person 990 106 18 268
person 916 109 9 265
person 914 113 14 261
person 840 108 10 266
person 847 109 14 265
person 646 112 10 262
person 650 112 14 262
person 677 115 12 259
person 667 114 14 260
person 689 117 14 257
person 691 115 16 259
person 714 112 17 262
person 736 113 8 261
person 727 107 13 267
person 744 112 17 262
person 760 110 11 264
person 762 98 18 276
person 778 114 9 260
person 783 115 16 259
person 807 117 14 257
person 803 111 13 263
person 818 116 8 258
person 819 106 24 268
person 198 114 17 260
person 532 117 9 257
person 565 114 10 260
person 583 117 9 257
person 143 113 28 261
person 946 110 12 264
person 996 112 15 262
truck 1086 0 177 375
motorbike 121 140 68 234
car 1018 115 15 259
car -6 118 121 256
bicycle 925 115 49 259
bicycle 574 130 27 244
bicycle 518 127 31 247
bicycle 453 130 37 244
