person 714 106 11 268
person 676 114 9 260
person 726 102 11 272
person 281 107 16 267
person 290 108 18 266
car 329 115 80 259
car 621 112 55 262
car 447 118 21 256
car 465 121 21 253
car 481 121 18 253
car 499 121 18 253
car 413 115 24 259
car 431 118 21 256
car 586 118 15 256
car 531 121 18 253
car 515 121 18 253
car 552 118 15 256
car 391 115 31 259
car 599 118 15 256
car 565 118 15 256
car 614 118 15 256
bicycle 773 118 77 256
bicycle 739 124 15 250
bicycle 698 133 21 241
car 1062 99 204 275
