person 649 108 15 266
person 785 91 13 283
person 709 43 76 331
person 858 51 74 323
person 813 24 91 350
person 1110 54 56 320
person 1143 47 64 327
person 272 104 13 270
person 258 106 15 268
person 3 133 20 241
person 380 110 14 264
person 378 84 28 290
person 191 69 40 305
person 524 105 13 269
person 586 53 55 321
car 431 93 59 281
car 652 106 43 268
car 1211 106 59 268
car 400 99 55 275
car 484 109 49 265
car 909 78 145 296
car 739 84 96 290
car 531 106 18 268
car 596 112 21 262
car 1263 102 6 272
bicycle 534 118 149 256
bicycle 164 112 111 262
bicycle 341 118 93 256
car 552 109 24 265
