person 435 111 6 263
person 545 117 6 257
person 1027 130 6 244
person 1036 123 9 251
person 102 31 129 343
person 52 0 168 375
person 355 88 45 286
person 367 111 37 263
person 503 81 24 293
person 488 83 27 291
person 657 112 11 262
person 694 114 8 260
person 695 115 11 259
person 773 119 8 255
person 734 112 10 262
person 767 112 9 262
person 821 121 6 253
person 935 119 10 255
person 938 112 37 262
person 1090 89 33 285
person 839 81 49 293
person 885 68 67 306
person 595 76 55 298
person 591 80 52 294
person 444 110 6 264
person 994 91 32 283
car 9 99 40 275
car 46 99 31 275
car 0 99 9 275
bicycle 984 137 40 237
truck 630 106 55 268
