person 1021 96 13 278
person 1068 84 7 290
person 972 96 9 278
person 963 90 13 284
person 285 103 23 271
person 95 97 32 277
person 119 90 31 284
person 122 96 39 278
person 43 103 24 271
person 4 101 27 273
person 855 73 47 301
person 903 51 67 323
person 777 94 19 280
person 501 102 19 272
car 614 84 142 290
car 282 109 133 265
car 599 106 27 268
car 391 115 65 259
car 562 106 59 268
bicycle 863 140 34 234
bicycle 909 143 55 231
bicycle 813 109 37 265
bicycle 776 106 18 268
bicycle 832 124 21 250
bicycle 984 99 21 275
car 403 109 105 265
car 515 106 83 268
