person 400 129 9 245
person 1068 122 10 252
person 860 106 12 268
person 1136 99 19 275
person 968 104 15 270
person 998 106 18 268
person 863 112 13 262
person 842 107 15 267
person 1032 97 19 277
person 1012 99 24 275
person 1046 99 25 275
person 754 104 26 270
person 780 100 23 274
person 676 113 13 261
person 640 108 19 266
person 616 103 24 271
person 655 102 26 272
person 624 127 13 247
person 597 125 31 249
person 596 125 55 249
person 678 78 57 296
person 562 128 6 246
person 576 116 16 258
person 513 105 33 269
person 366 106 22 268
person 336 121 13 253
person 256 115 38 259
person 1121 100 15 274
person 1092 113 40 261
person 292 117 14 257
motorbike 15 149 24 225
car 0 133 18 241
bicycle 493 130 83 244
bicycle 922 133 83 241
bicycle 801 124 80 250
car 139 112 90 262
bicycle 409 130 80 244
