person 888 120 31 254
person 911 106 33 268
person 930 104 54 270
person 1152 97 66 277
person 1098 71 70 303
person 517 114 21 260
person 333 100 24 274
person 334 102 33 272
person 303 99 32 275
person 136 76 26 298
person 97 72 27 302
person 38 64 29 310
person 71 72 28 302
person 47 71 35 303
person 142 86 17 288
person 104 77 40 297
person 203 82 52 292
person 257 94 43 280
person 142 65 61 309
person 491 109 26 265
person 472 100 21 274
person 425 92 20 282
person 411 94 20 280
person 402 104 11 270
person 365 106 26 268
person 385 103 22 271
person 441 91 40 283
person 396 102 40 272
person 758 135 21 239
car 1195 90 71 284
car 562 149 21 225
car 773 146 37 228
car 748 137 59 237
bicycle 754 155 21 219
motorbike 667 149 24 225
