person 177 168 10 206
person 186 165 15 209
person 333 183 11 191
person 142 134 37 240
person 262 140 37 234
person 609 155 18 219
person 580 137 29 237
person 805 157 18 217
person 838 144 31 230
person 1044 160 8 214
person 1052 160 9 214
person 1148 158 11 216
person 1191 161 12 213
person 1156 152 21 222
person 1134 155 16 219
person 1091 151 24 223
person 1115 148 18 226
person 727 104 52 270
person 1054 172 22 202
car 434 152 102 222
car 894 165 167 209
car 0 165 124 209
bicycle 1208 165 34 209
bicycle 1133 177 21 197
bicycle 1198 165 31 209
bicycle 1183 161 59 213
bicycle 726 155 49 219
bicycle 1099 174 24 200
