person 309 115 23 259
person 365 109 28 265
person 720 112 45 262
person 18 94 75 280
person 122 93 78 281
car 254 130 130 244
car 257 137 31 237
bicycle 108 186 93 188
bicycle 0 171 108 203
bicycle 1192 115 74 259
bicycle 788 133 71 241
bicycle 720 161 55 213
bicycle 909 127 65 247
bicycle 999 115 62 259
bicycle 1071 118 99 256
bicycle 760 140 37 234
bicycle 1158 115 40 259
bicycle 1043 115 34 259
bicycle 1173 118 37 256
bicycle 826 137 37 237
bicycle 944 130 34 244
bicycle 1074 118 37 256
bicycle 1145 124 37 250
bicycle 1229 127 37 247
bicycle 546 130 21 244
bicycle 531 130 24 244
bicycle 1058 124 37 250
bicycle 363 143 31 231
motorbike 484 121 55 253
