person 990 76 55 298
person 249 127 9 247
person 399 119 14 255
motorbike 388 133 34 241
car 562 127 43 247
car 0 96 211 278
car 503 121 46 253
car 425 121 34 253
car 1043 87 111 287
car 409 112 24 262
car 360 106 27 268
car 459 109 24 265
bicycle 1124 137 133 237
bicycle 767 143 21 231
bicycle 1189 143 80 231
bicycle 906 130 71 244
bicycle 863 133 62 241
bicycle 782 143 21 231
bicycle 1080 146 71 228
bicycle 813 146 27 228
bicycle 795 146 27 228
bicycle 829 133 59 241
bicycle 956 133 40 241
bicycle 826 146 31 228
bicycle 1027 165 40 209
bicycle 1217 118 49 256
bicycle 798 140 55 234
bicycle 1040 124 108 250
bicycle 944 133 34 241
car 590 112 83 262
