person 468 107 16 267
person 488 106 21 268
person 523 110 8 264
person 511 107 16 267
person 68 127 28 247
person 32 120 37 254
person 168 106 26 268
person 206 111 28 263
person 837 115 16 259
car 686 121 59 253
car 602 112 40 262
car 642 99 24 275
car 586 102 12 272
car 614 106 24 268
bicycle 1192 130 65 244
bicycle 1127 133 68 241
bicycle 1093 133 68 241
bicycle 1065 137 59 237
bicycle 1232 130 37 244
bicycle 1161 133 65 241
bicycle 810 130 59 244
bicycle 1065 146 27 228
bicycle 465 133 43 241
truck 496 81 90 293
