person 907 151 12 223
person 1137 149 18 225
person 915 98 46 276
person 946 79 54 295
person 993 78 78 296
person 601 141 7 233
person 563 144 8 230
person 547 142 10 232
person 536 141 15 233
person 567 140 18 234
person 548 141 19 233
person 442 140 6 234
person 431 133 16 241
person 492 124 34 250
person 486 128 32 246
person 360 135 18 239
person 379 131 17 243
car 655 149 86 225
car 599 152 62 222
car 838 155 74 219
car 798 152 59 222
car 1114 152 55 222
car 776 152 34 222
car 739 158 15 216
bicycle 273 146 52 228
bicycle 37 143 21 231
car 760 137 46 237
