person 201 128 9 246
person 4 124 16 250
person 107 130 13 244
person 141 139 8 235
person 125 127 15 247
person 331 127 6 247
person 342 125 7 249
person 313 125 6 249
person 306 127 10 247
person 313 138 11 236
person 617 122 6 252
person 672 120 7 254
person 572 120 6 254
person 590 122 5 252
person 519 117 16 257
person 1042 95 18 279
person 932 92 24 282
person 1168 72 29 302
person 1208 73 32 301
person 1180 76 37 298
person 1001 96 13 278
person 429 99 34 275
person 324 126 6 248
bus 708 40 201 334
bicycle 434 137 24 237
bicycle 990 115 31 259
