person 467 119 11 255
person 891 92 46 282
car 0 96 236 278
car 633 124 43 250
car 487 121 34 253
car 822 130 34 244
car 860 127 24 247
car 934 130 24 244
car 670 118 34 256
car 962 133 34 241
car 1031 137 27 237
car 416 118 24 256
car 1077 137 27 237
car 1114 140 27 234
car 394 118 21 256
car 996 137 31 237
car 1046 140 31 234
car 1158 140 34 234
car 1226 146 37 228
car 1127 140 31 234
car 1009 137 34 237
car 1062 137 34 237
car 937 127 18 247
car 801 130 21 244
car 978 137 27 237
car 1158 143 71 231
car 425 121 21 253
car 562 112 74 262
car 692 124 80 250
car 229 102 62 272
car 288 102 37 272
