person 930 118 8 256
person 1116 115 14 259
person 1201 119 6 255
person 1229 115 14 259
person 525 107 20 267
person 542 100 29 274
person 389 130 15 244
person 409 91 26 283
person 277 83 38 291
person 289 90 44 284
person 228 78 37 296
person 762 115 6 259
person 757 114 6 260
person 730 112 11 262
person 648 117 9 257
person 652 111 13 263
person 665 107 11 267
person 566 108 17 266
person 581 110 11 264
person 801 115 7 259
person 630 107 16 267
person 940 109 21 265
person 975 101 16 273
person 491 94 25 280
motorbike 468 124 55 250
bicycle 152 121 34 253
bus 860 99 55 275
bicycle 314 177 45 197
bicycle 195 116 97 258
