person 566 67 10 307
person 542 84 19 290
person 616 79 16 295
person 576 79 20 295
person 503 101 13 273
person 401 76 11 298
person 359 92 14 282
person 354 111 7 263
person 484 99 19 275
person 449 89 24 285
person 390 88 40 286
person 417 92 40 282
person 317 88 40 286
person 828 71 6 303
person 832 71 10 303
person 910 73 24 301
person 966 66 26 308
person 931 62 52 312
person 877 74 44 300
car 683 84 90 290
car 652 81 43 293
car 431 81 18 293
car 431 71 18 303
car 565 71 21 303
bus 789 53 62 321
car 406 85 22 289
car 401 65 27 309
car 457 94 19 280
car 426 73 17 301
