person 567 107 10 267
person 411 120 9 254
person 495 119 7 255
person 485 112 9 262
person 165 78 5 296
person 79 83 21 291
person 315 107 11 267
person 865 106 9 268
person 968 104 27 270
person 1089 92 30 282
person 1063 97 31 277
person 1137 115 54 259
person 433 107 28 267
person 352 104 31 270
person 822 107 21 267
person 178 107 28 267
motorbike 422 130 40 244
motorbike 357 133 31 241
car 167 112 204 262
car 0 115 124 259
car 496 121 68 253
car 422 112 71 262
bicycle 906 143 40 231
bicycle 108 137 37 237
bicycle 822 124 15 250
bicycle 928 137 62 237
