person 709 150 5 224
person 354 131 22 243
person 374 132 27 242
person 318 127 34 247
person 299 158 19 216
person 263 120 36 254
person 478 135 10 239
person 485 138 17 236
person 469 135 22 239
person 457 139 18 235
person 63 175 22 199
person 54 120 38 254
person 136 128 17 246
person 104 115 39 259
person 102 186 15 188
person 111 123 39 251
person 181 117 37 257
person 692 148 16 226
person 791 155 6 219
person 796 153 7 221
person 941 135 11 239
person 955 133 21 241
person 947 160 15 214
person 928 148 18 226
person 898 130 9 244
person 878 131 13 243
person 835 138 16 236
person 847 137 12 237
person 854 133 19 241
person 860 130 27 244
person 244 136 30 238
person 651 149 10 225
car 748 143 18 231
car 735 143 18 231
bicycle 394 165 21 209
motorbike 217 161 46 213
car 804 146 27 228
bicycle 531 158 27 216
