person 423 104 21 270
car 1009 102 127 272
car 18 106 173 268
car 940 106 105 268
car 878 102 96 272
car 254 106 77 268
car 319 109 71 265
car 164 109 96 265
car 754 115 37 259
car 791 102 46 272
car 490 121 34 253
car 854 106 74 268
car 574 115 31 259
car 826 115 37 259
car 459 118 34 256
car 531 121 27 253
car 366 115 55 259
car 413 109 52 265
car 596 115 21 259
car 515 121 21 253
car 444 118 24 256
car 810 112 37 262
car 481 118 27 256
car 841 115 34 259
motorbike 409 118 37 256
car 1108 37 158 337
car 0 0 37 230
