person 710 128 21 246
person 734 132 19 242
person 783 122 26 252
person 813 129 24 245
car 947 118 186 256
car 571 130 99 244
car 524 137 52 237
car 1164 96 105 278
car 885 121 83 253
car 844 124 65 250
car 664 137 55 237
car 745 146 37 228
car 838 130 37 244
car 366 130 9 244
car 6 124 114 250
car 779 133 65 241
car 695 137 49 237
car 493 143 21 231
car 450 140 31 234
car 428 143 18 231
truck 403 127 27 247
car 391 140 21 234
truck 391 124 18 250
truck 378 118 15 256
car 366 149 34 225
car 350 146 21 228
car 350 140 12 234
car 341 140 12 234
car 335 137 9 237
car 341 130 15 244
