person 493 135 11 239
person 521 125 9 249
person 509 128 13 246
person 730 128 6 246
person 734 120 11 254
person 744 93 29 281
person 783 99 25 275
person 888 93 14 281
person 947 85 11 289
person 848 88 37 286
person 845 83 34 291
person 953 38 67 336
person 45 110 23 264
person 59 110 29 264
person 591 119 14 255
person 744 135 7 239
bicycle 363 143 21 231
bicycle 381 143 21 231
bicycle 397 143 21 231
bicycle 347 143 21 231
bicycle 316 143 15 231
bicycle 332 143 18 231
bicycle 226 137 34 237
car 438 140 35 234
