person 1100 85 11 289
person 702 120 5 254
person 530 114 19 260
car 839 115 30 259
car 1062 96 121 278
car 867 115 24 259
car 898 112 24 262
car 701 122 24 252
car 1006 99 80 275
car 748 118 21 256
car 733 121 24 253
car 1186 81 83 293
car 453 124 40 250
car 372 130 34 244
car 1127 90 124 284
car 770 118 12 256
car 444 127 31 247
car 1211 103 56 271
car 1105 93 77 281
motorbike 522 130 27 244
car 198 131 40 243
car 251 130 24 244
motorbike 791 118 12 256
car 783 112 11 262
car 804 112 15 262
truck 304 112 65 262
car 223 127 34 247
