person 480 110 8 264
person 550 112 5 262
person 540 112 13 262
person 606 112 9 262
person 644 115 10 259
person 631 109 17 265
person 616 112 19 262
person 790 106 27 268
person 886 107 14 267
person 854 100 46 274
person 809 93 50 281
person 944 109 9 265
person 752 113 11 261
person 1106 116 23 258
person 1070 107 39 267
person 1124 142 22 232
person 1232 134 25 240
person 1218 121 34 253
person 493 83 49 291
person 557 89 52 285
person 366 107 16 267
person 486 97 17 277
person 554 78 31 296
traffic_light 352 0 24 27
bicycle 199 123 108 251
bicycle 324 121 69 253
bicycle 248 135 68 239
bicycle 1076 148 63 226
bicycle 926 135 21 239
