person 285 135 14 239
person 295 137 10 237
person 318 137 13 237
person 332 137 12 237
person 311 138 8 236
person 375 140 8 234
person 377 134 14 240
person 497 126 19 248
person 483 128 18 246
person 696 122 9 252
person 672 115 29 259
person 714 95 31 279
person 739 104 34 270
person 825 97 37 277
person 795 99 40 275
person 1188 74 52 300
person 619 103 34 271
person 589 104 27 270
person 540 106 37 268
car 228 130 62 244
bicycle 1006 139 81 235
bicycle 1213 197 54 177
bicycle 932 143 34 231
bicycle 2 133 59 241
bicycle 58 133 95 241
bicycle 91 137 144 237
bicycle 134 135 138 239
bicycle 183 138 108 236
