person 632 128 9 246
person 458 128 11 246
person 417 127 9 247
person 410 131 8 243
person 334 128 9 246
person 309 128 11 246
person 187 122 28 252
person 364 106 43 268
person 747 120 26 254
person 690 109 42 265
person 559 109 36 265
traffic_light 558 -130 37 505
traffic_light 492 -100 21 475
car 496 135 34 239
car 529 133 29 241
car 725 123 27 251
car 760 123 59 251
car 601 130 13 244
car 654 124 12 250
car 726 121 23 253
car 720 118 18 256
car 652 130 9 244
bicycle 1160 130 106 244
bicycle 829 135 96 239
bicycle 524 152 90 222
bicycle 728 149 91 225
bicycle 956 135 77 239
bicycle 996 135 34 239
bicycle 949 133 19 241
motorbike 616 130 10 244
bicycle 42 171 127 203
bicycle 95 165 121 209
bicycle 119 151 128 223
bicycle 157 135 127 239
car 675 120 19 254
car 303 130 83 244
car 391 135 43 239
car 431 137 34 237
car 449 135 32 239
