person 1206 126 7 248
person 1193 119 17 255
person 927 120 7 254
person 893 122 6 252
person 503 106 16 268
person 399 107 13 267
person 566 115 9 259
person 550 114 17 260
person 1152 111 24 263
person 1107 115 18 259
person 1074 120 14 254
person 680 112 13 262
person 517 109 19 265
traffic_light 872 -98 22 473
car 239 94 163 280
car 1137 121 19 253
bicycle 683 130 13 244
car 922 109 145 265
bicycle 538 132 21 242
bicycle 504 137 32 237
car 842 116 49 258
car 890 123 31 251
bicycle 1075 137 9 237
car 1083 127 21 247
