person 487 146 9 228
person 450 140 8 234
person 444 142 8 232
person 409 141 12 233
person 417 128 16 246
person 393 128 14 246
person 317 134 6 240
person 321 132 16 242
person 303 130 21 244
person 276 119 26 255
person 250 124 24 250
person 42 106 45 268
person 701 114 14 260
person 853 94 27 280
person 1046 76 43 298
person 216 111 35 263
person 208 122 22 252
person 467 128 16 246
person 349 109 35 265
person 717 90 68 284
traffic_light 614 87 9 287
traffic_light 611 87 6 287
car 504 146 44 228
car 645 143 24 231
bicycle 658 146 214 228
car 563 123 66 251
bicycle 354 152 23 222
