person 305 134 14 240
person 301 137 9 237
person 292 132 5 242
person 209 138 9 236
person 199 139 7 235
person 195 132 5 242
person 196 143 8 231
person 73 143 9 231
person 103 149 12 225
person 686 122 6 252
person 826 109 41 265
person 799 101 40 273
car 591 123 109 251
car 341 126 77 248
car 0 123 86 251
car 574 121 37 253
car 551 130 19 244
car 509 130 20 244
car 562 127 17 247
car 537 130 15 244
car 472 130 12 244
bus 689 65 185 309
bus 393 110 60 264
car 166 133 159 241
bicycle 1060 123 44 251
bicycle 1093 130 59 244
bicycle 872 124 36 250
