person 490 130 5 244
person 851 115 6 259
person 857 115 15 259
person 303 134 8 240
person 278 133 8 241
person 317 133 15 241
person 290 133 8 241
person 416 128 11 246
person 368 129 13 245
person 378 128 13 246
person 345 125 16 249
person 448 127 14 247
person 437 124 13 250
person 673 128 13 246
person 918 79 64 295
traffic_light 467 24 13 350
car 1083 115 186 259
car 798 130 126 244
car 642 124 27 250
car 633 126 24 248
car 765 130 50 244
car 891 123 34 251
bicycle 916 168 68 206
car 565 126 74 248
car 490 106 62 268
car 393 126 16 248
car 576 98 57 276
car 981 115 194 259
car 3 78 250 296
