person 735 137 10 237
person 893 122 22 252
person 209 138 13 236
person 315 138 22 236
car 1076 110 193 264
car 390 151 49 223
car 770 143 37 231
car 455 149 34 225
car 201 143 83 231
car 717 146 23 228
car 484 146 52 228
car 563 148 26 226
car 698 148 18 226
car 512 151 26 223
car 654 149 16 225
car 683 149 17 225
car 742 138 34 236
car 726 143 24 231
car 484 146 20 228
car 664 149 18 225
car 529 148 16 226
bicycle 316 171 14 203
car 608 143 49 231
bicycle 961 135 113 239
car 799 120 113 254
bicycle 270 157 43 217
car 436 152 22 222
