person 99 120 8 254
person 38 119 9 255
person 47 117 11 257
person 281 124 8 250
person 287 120 10 254
person 296 120 8 254
person 316 122 8 252
person 550 126 17 248
person 586 126 17 248
person 523 127 15 247
person 203 76 72 298
car 611 148 161 226
car 961 144 97 230
bicycle 159 146 136 228
bicycle 862 143 26 231
bicycle 816 143 22 231
bicycle 798 144 24 230
bicycle 830 143 24 231
bicycle 847 144 26 230
bicycle 782 146 22 228
bicycle 578 144 30 230
bicycle 613 143 22 231
car 185 121 28 253
bicycle 513 148 32 226
car 1055 145 83 229
