person 772 117 8 257
person 519 132 6 242
person 299 109 38 265
person 1111 94 43 280
person 1090 93 21 281
person 1237 89 32 285
person 1203 94 46 280
person 70 55 158 319
person 424 60 137 314
person 650 129 9 245
person 665 102 45 272
person 699 117 43 257
person 1040 197 19 177
person 1048 83 44 291
car 726 123 68 251
bicycle 975 126 145 248
bicycle 1150 135 119 239
bicycle 658 161 37 213
bicycle 704 177 31 197
bicycle 567 135 16 239
bicycle 583 135 15 239
bicycle 534 140 15 234
bicycle 617 137 15 237
bicycle 551 133 15 241
bicycle 567 143 12 231
bicycle 402 143 38 231
bicycle 639 146 9 228
car 921 124 13 250
car 888 127 27 247
car 857 127 15 247
