person 137 133 16 241
person 754 119 9 255
person 804 112 14 262
person 823 111 9 263
person 1163 80 44 294
person 858 108 15 266
person 249 70 70 304
traffic_light 1093 -87 27 462
traffic_light 1152 -130 55 505
traffic_light 1212 -130 50 505
car 0 121 111 253
car 462 127 59 247
car 621 130 59 244
car 534 130 18 244
car 586 133 12 241
car 504 130 19 244
car 601 133 13 241
bicycle 1175 148 32 226
bicycle 129 137 19 237
car 1093 99 173 275
car 170 114 257 260
bicycle 189 169 222 205
car 416 130 39 244
car 447 130 21 244
car 565 133 14 241
bus 543 126 20 248
