person 755 120 8 254
person 763 119 10 255
person 1006 98 19 276
person 804 127 8 247
person 824 110 19 264
person 847 106 9 268
person 921 105 13 269
person 302 127 15 247
person 530 133 5 241
person 504 135 6 239
car 913 102 351 272
car 860 112 136 262
car 807 106 106 268
car 516 135 18 239
car 472 133 21 241
car 622 130 12 244
bicycle 77 160 65 214
bicycle 4 166 58 208
car 338 119 74 255
car 680 86 76 288
car 633 102 54 272
car 574 118 50 256
car 280 135 88 239
car 554 133 16 241
car 542 137 13 237
