person 611 132 14 242
person 195 125 45 249
person 208 122 56 252
person 119 139 50 235
person 36 122 49 252
person 60 121 67 253
person 472 137 8 237
person 536 138 6 236
person 529 141 11 233
person 537 135 11 239
person 489 138 5 236
person 557 120 15 254
person 576 119 11 255
person 669 129 14 245
person 651 128 22 246
person 632 135 20 239
person 690 123 24 251
person 651 125 28 249
person 509 132 18 242
person 452 135 14 239
person 431 138 15 236
person 567 129 21 245
person 371 120 37 254
car 455 139 65 235
bicycle 395 164 19 210
bicycle 431 156 12 218
bicycle 560 164 34 210
bicycle 237 180 60 194
bicycle 373 176 28 198
bicycle 727 137 62 237
bicycle 764 147 61 227
bicycle 817 144 74 230
bicycle 838 155 50 219
bicycle 860 160 27 214
bicycle 903 137 72 237
bicycle 949 169 29 205
bicycle 1044 135 55 239
