person 760 126 5 248
person 487 120 13 254
person 427 119 9 255
person 778 113 11 261
person 766 122 20 252
person 745 115 16 259
person 790 107 16 267
person 862 112 43 262
person 815 98 45 276
person 570 123 18 251
person 586 117 21 257
person 609 125 13 249
car 154 104 252 270
car 319 119 131 255
car 631 119 52 255
car 696 125 30 249
car 672 123 19 251
car 1 0 206 375
car 418 123 120 251
bicycle 515 146 36 228
bicycle 530 153 36 221
bicycle 555 153 19 221
car 510 133 72 241
car 558 133 34 241
car 583 133 40 241
