person 231 137 15 237
person 1112 96 25 278
person 425 125 24 249
car 492 127 86 247
car 608 130 62 244
car 554 130 49 244
car 654 130 37 244
car 683 130 27 244
car 692 130 27 244
car 849 133 19 241
car 863 133 21 241
car 0 148 71 226
car 837 133 19 241
car 803 130 16 244
car 812 130 22 244
bicycle 419 143 27 231
truck 698 106 55 268
car 754 118 57 256
truck 999 115 34 259
bicycle 999 115 34 259
car 397 143 71 231
bicycle 231 152 60 222
bicycle 175 154 65 220
bicycle 52 152 55 222
bicycle 107 155 69 219
