person 526 120 9 254
person 507 121 6 253
person 596 115 7 259
person 609 122 6 252
car 563 118 22 256
car 534 123 15 251
car 549 121 15 253
car 586 123 12 251
bicycle 1117 115 55 259
bicycle 965 124 20 250
bicycle 1232 126 34 248
bicycle 1160 133 38 241
bicycle 950 124 23 250
bicycle 986 126 19 248
bicycle 1175 130 66 244
bicycle 1164 106 102 268
bicycle 999 127 21 247
bicycle 949 118 57 256
bicycle 1117 133 31 241
bicycle 1009 118 34 256
bicycle 788 127 43 247
car 664 123 36 251
bicycle 732 123 40 251
car 700 115 62 259
car 650 120 21 254
truck 602 99 27 275
car 509 123 23 251
car 276 112 188 262
car 434 110 79 264
bicycle 108 132 49 242
bicycle 70 135 55 239
bicycle 142 138 42 236
