person 133 137 8 237
person 145 138 8 236
person 181 133 9 241
person 278 133 14 241
person 341 157 6 217
person 342 137 16 237
person 423 138 6 236
person 426 137 8 237
person 450 142 7 232
person 481 144 14 230
person 386 133 19 241
person 370 138 19 236
person 452 137 18 237
person 467 138 22 236
person 511 146 8 228
person 526 147 9 227
person 497 142 20 232
person 790 146 13 228
person 779 147 14 227
person 706 148 14 226
person 744 139 26 235
person 721 144 25 230
person 874 133 26 241
person 857 130 24 244
person 831 127 36 247
person 430 143 19 231
person 804 128 32 246
bicycle 667 173 56 201
bicycle 1 176 39 198
bicycle 62 166 31 208
bicycle 789 178 28 196
car 513 135 139 239
car 85 140 35 234
car 70 137 26 237
bicycle 412 149 20 225
