person 540 100 6 274
person 706 81 13 293
person 527 95 15 279
person 894 82 20 292
person 806 59 52 315
person 940 37 76 337
person 1147 7 110 367
person 281 69 44 305
person 346 69 44 305
car 0 86 194 288
car 204 93 65 281
car 543 98 107 276
car 107 81 128 293
bicycle 1142 148 127 226
bicycle 290 133 32 241
bicycle 949 143 62 231
bicycle 341 130 55 244
bicycle 813 135 34 239
bicycle 869 106 55 268
bicycle 279 114 52 260
car 298 86 65 288
bicycle 981 109 111 265
car 450 93 34 281
car 385 84 70 290
