person 782 103 33 271
person 814 94 44 280
person 882 89 32 285
person 935 83 43 291
person 888 84 57 290
person 1049 44 89 330
person 1211 11 58 363
person 545 132 8 242
person 534 131 10 243
person 413 128 11 246
person 392 130 13 244
person 355 125 8 249
person 321 132 9 242
person 327 127 11 247
person 332 127 21 247
person 281 126 13 248
person 272 122 10 252
person 230 122 31 252
person 306 126 19 248
person 19 100 49 274
person 3 85 26 289
person 289 124 18 250
person 426 129 17 245
person 357 116 32 258
person 104 94 74 280
car 577 112 105 262
car 444 126 52 248
car 692 126 40 248
car 565 130 14 244
car 549 133 21 241
car 428 130 18 244
bicycle 91 168 91 206
bicycle 360 163 24 211
bicycle 425 143 18 231
