person 731 138 9 236
person 488 138 13 236
person 474 133 15 241
person 785 115 26 259
person 819 122 18 252
person 857 116 14 258
person 885 113 11 261
person 896 107 21 267
person 890 114 27 260
person 864 119 32 255
person 830 111 29 263
person 924 107 25 267
person 951 103 20 271
person 972 99 22 275
person 922 114 31 260
person 977 106 21 268
person 942 103 39 271
person 983 109 40 265
person 1049 98 22 276
person 1021 92 45 282
person 1090 94 46 280
person 1137 68 61 306
person 426 124 14 250
person 429 106 41 268
person 390 117 37 257
car 487 135 79 239
car 568 140 40 234
bicycle 1180 127 90 247
bicycle 430 158 29 216
bicycle 391 163 31 211
car 670 124 55 250
car 602 121 79 253
bicycle 757 148 62 226
car 0 27 326 347
