person 316 138 15 236
person 260 150 9 224
person 279 142 6 232
person 198 130 19 244
person 185 128 18 246
person 172 127 32 247
person 159 128 18 246
person 132 132 9 242
person 141 124 33 250
person 82 116 21 258
person 95 122 27 252
person 27 124 21 250
person 6 118 44 256
person 36 125 34 249
person 45 126 62 248
person 4 124 44 250
person 535 117 16 257
person 599 127 13 247
person 213 118 34 256
person 787 96 19 278
person 805 110 27 264
person 104 128 48 246
person 919 80 54 294
person 824 89 37 285
person 750 110 36 264
person 874 98 26 276
person 575 113 25 261
person 363 120 26 254
bicycle 962 123 65 251
bicycle 850 135 55 239
bicycle 577 146 18 228
bicycle 365 148 24 226
bicycle 880 135 54 239
