person 519 120 11 254
person 666 124 11 250
person 654 124 14 250
car 585 127 53 247
car 634 130 11 244
motorbike 652 133 10 241
car 999 97 271 277
car 867 125 240 249
car 799 126 131 248
car 765 117 54 257
car 677 130 30 244
car 707 133 21 241
car 717 135 21 239
car 734 130 48 244
car 723 133 28 241
bicycle 409 132 32 242
bicycle 432 133 26 241
bicycle 442 130 32 244
bicycle 459 133 33 241
bicycle 472 135 33 239
bicycle 495 130 26 244
bicycle 514 130 30 244
bicycle 555 137 31 237
bicycle 276 121 44 253
