person 163 128 8 246
person 183 134 9 240
person 405 119 8 255
person 396 117 14 257
person 487 115 20 259
person 655 115 10 259
person 608 114 13 260
person 623 112 18 262
person 151 123 13 251
person 1128 100 36 274
person 312 116 23 258
person 379 119 18 255
person 462 112 20 262
person 1122 124 39 250
person 893 83 52 291
car 326 127 63 247
bicycle 895 156 36 218
bicycle 904 150 37 224
bicycle 450 143 37 231
bicycle 315 146 22 228
truck 1194 0 76 375
bicycle 1010 127 62 247
bicycle 1053 124 68 250
bicycle 1157 127 39 247
car 619 121 58 253
car 484 116 173 258
