person 830 148 9 226
person 836 112 11 262
person 854 115 15 259
person 836 107 22 267
person 1032 107 78 267
motorbike 934 115 55 259
car 633 112 114 262
car 579 130 60 244
car 0 137 164 237
car 186 130 114 244
bicycle 450 148 18 226
bicycle 416 155 15 219
bicycle 400 155 17 219
bicycle 431 149 20 225
bicycle 347 146 54 228
bicycle 344 158 27 216
bicycle 381 158 20 216
bicycle 360 158 24 216
bicycle 462 148 15 226
bicycle 391 146 31 228
bicycle 375 143 31 231
bicycle 409 146 31 228
bicycle 1003 118 40 256
