person 739 124 6 250
person 731 121 8 253
person 817 112 15 262
person 872 114 16 260
person 1116 96 14 278
person 1078 89 19 285
person 1049 88 23 286
person 1093 91 34 283
person 836 114 13 260
person 990 102 9 272
person 970 99 27 275
person 1028 89 31 285
car 326 118 102 256
car 260 118 79 256
car 409 118 49 256
bicycle 1121 123 51 251
motorbike 832 127 18 247
bicycle 967 140 31 234
bicycle 1024 137 37 237
bicycle 1248 130 20 244
bicycle 1194 135 22 239
car 477 129 13 245
car 599 127 21 247
car 629 127 10 247
truck 627 120 31 254
