person 195 120 6 254
person 204 120 8 254
person 238 122 9 252
person 227 121 11 253
person 351 117 11 257
person 390 114 8 260
person 381 117 12 257
person 408 118 8 256
person 399 119 11 255
person 657 114 20 260
person 1004 94 16 280
person 841 99 15 275
person 457 112 11 262
person 473 114 10 260
person 258 75 54 299
car 565 110 80 264
car 539 110 37 264
car 526 109 35 265
bicycle 254 121 49 253
bicycle 194 130 21 244
bicycle 180 130 23 244
bicycle 863 114 24 260
bicycle 161 130 24 244
bicycle 217 130 12 244
bicycle 142 130 24 244
bicycle 894 118 24 256
bicycle 881 115 24 259
bicycle 849 110 54 264
bicycle 232 127 9 247
bicycle 352 127 12 247
car 501 106 26 268
motorbike 815 109 47 265
bicycle 779 114 36 260
bicycle 756 112 24 262
motorbike 731 110 31 264
motorbike 701 115 42 259
motorbike 673 115 27 259
bicycle 83 126 68 248
