person 206 110 39 264
person 449 112 35 262
car 713 118 119 256
car 278 130 134 244
car 565 133 18 241
car 676 130 55 244
car 599 130 39 244
car 586 133 12 241
car 478 130 31 244
car 492 130 29 244
car 596 133 27 241
car 649 130 18 244
car 506 126 34 248
car 655 126 36 248
car 549 133 15 241
car 638 133 10 241
car 515 135 18 239
car 663 130 22 244
car 745 118 90 256
bicycle 0 171 111 203
bicycle 86 146 116 228
bicycle 1026 143 71 231
bicycle 229 151 99 223
bicycle 157 155 119 219
bicycle 62 174 105 200
bicycle 141 158 75 216
bicycle 0 177 18 197
bicycle 273 163 62 211
bicycle 0 174 43 200
bicycle 206 177 66 197
bicycle 854 123 37 251
bicycle 1009 118 31 256
bicycle 450 161 24 213
bicycle 894 127 65 247
car 335 99 116 275
