person 891 143 6 231
person 986 135 5 239
person 924 129 17 245
person 909 139 8 235
person 572 111 42 263
traffic_light 50 0 49 31
motorbike 562 156 51 218
car 840 144 39 230
car 944 137 58 237
car 608 132 37 242
car 830 139 19 235
car 801 143 14 231
car 847 144 22 230
car 505 132 65 242
car 668 137 49 237
bicycle 132 137 54 237
car 381 107 147 267
car 329 138 157 236
bicycle 72 135 62 239
bicycle 263 139 50 235
car 1207 128 63 246
car 1170 130 80 244
car 1091 133 98 241
car 1060 135 56 239
car 1000 139 93 235
car 709 142 26 232
car 728 144 16 230
car 783 143 18 231
car 763 144 18 230
