person 40 152 8 222
person 67 142 18 232
person 439 139 10 235
person 449 120 26 254
person 412 138 8 236
person 712 112 22 262
person 90 143 22 231
motorbike 450 155 17 219
car 521 126 116 248
car 6 152 93 222
car 465 130 43 244
car 857 106 105 268
car 925 106 105 268
car 611 133 34 241
car 827 112 62 262
car 1117 76 62 298
car 1173 89 39 285
car 788 121 74 253
car 909 114 71 260
car 790 127 37 247
bicycle 173 163 27 211
bus 574 90 220 284
car 496 118 32 256
bicycle 82 171 34 203
bicycle 1117 115 29 259
