person 177 143 9 231
person 249 142 8 232
person 240 140 8 234
person 229 133 14 241
person 262 142 6 232
person 254 142 11 232
person 277 136 6 238
person 280 139 9 235
person 293 140 11 234
person 298 137 11 237
person 401 140 8 234
person 398 145 14 229
person 442 145 6 229
person 312 135 14 239
person 326 135 13 239
person 345 132 18 242
person 499 130 9 244
person 501 125 19 249
person 578 127 11 247
person 533 130 15 244
person 565 128 21 246
person 548 128 19 246
person 416 127 28 247
person 585 130 19 244
person 1144 106 32 268
person 1173 102 27 272
person 214 137 10 237
person 464 134 13 240
bicycle 1032 128 92 246
bicycle 56 148 62 226
bicycle 3 144 80 230
bicycle 124 143 35 231
bicycle 93 139 63 235
bicycle 0 146 37 228
bicycle 448 155 40 219
bicycle 162 158 39 216
bicycle 806 145 54 229
bicycle 785 143 57 231
bicycle 709 149 67 225
bicycle 739 151 57 223
bicycle 1231 112 37 262
