person 460 125 11 249
person 473 130 10 244
person 495 135 8 239
person 504 135 8 239
person 511 129 9 245
person 517 110 20 264
person 581 139 6 235
person 666 135 7 239
person 658 135 7 239
person 672 128 12 246
person 705 137 5 237
person 695 127 10 247
person 681 121 18 253
person 707 116 16 258
person 745 135 8 239
person 723 115 19 259
person 772 125 10 249
person 805 129 14 245
person 1037 91 46 283
person 1145 99 37 275
person 1202 142 26 232
person 1167 138 46 236
person 355 107 13 267
person 743 115 19 259
person 129 97 47 277
person 900 104 31 270
person 928 81 51 293
person 484 131 8 243
person 640 107 23 267
person 779 107 24 267
motorbike 640 130 18 244
bicycle 97 140 102 234
bicycle 252 121 20 253
bicycle 270 121 27 253
bicycle 403 132 34 242
car 918 114 124 260
bicycle 1010 173 136 201
bicycle 985 142 54 232
