person 493 110 6 264
person 501 109 8 265
person 508 108 7 266
person 513 109 16 265
person 399 111 16 263
person 295 110 20 264
person 319 105 21 269
person 172 100 30 274
person 135 94 40 280
person 209 73 88 301
person 415 60 98 314
person 613 107 6 267
person 622 105 11 269
person 644 102 9 272
person 648 102 11 272
person 669 99 16 275
person 654 102 18 272
person 770 89 22 285
person 901 66 52 308
person 1219 19 50 355
person 752 73 28 301
person 676 19 119 355
person 567 106 10 268
person 570 110 13 264
bicycle 611 112 21 262
bicycle 552 121 31 253
bicycle 565 126 20 248
