person 467 140 8 234
person 406 137 11 237
person 395 138 11 236
person 268 142 11 232
person 271 141 27 233
person 240 128 13 246
person 191 127 12 247
person 130 127 21 247
person 148 129 19 245
person 619 129 12 245
person 417 128 19 246
person 336 120 26 254
person 445 127 19 247
person 198 115 34 259
motorbike 617 146 15 228
car 931 78 338 296
car 745 126 95 248
car 703 135 41 239
car 645 130 21 244
car 565 137 26 237
car 579 137 24 237
car 675 135 24 239
car 633 137 12 237
car 599 137 18 237
car 729 124 65 250
car 673 135 15 239
bicycle 331 151 29 223
bicycle 416 140 18 234
bicycle 181 149 59 225
bicycle 397 146 17 228
bicycle 417 161 13 213
bicycle 467 146 9 228
bicycle 385 143 18 231
car 821 101 195 273
