person 622 145 11 229
person 870 146 23 228
person 994 133 18 241
person 1019 132 13 242
person 368 131 31 243
person 324 137 23 237
person 282 139 24 235
person 257 125 29 249
person 174 124 14 250
person 180 197 8 177
person 204 113 39 261
person 121 117 33 257
person 149 122 36 252
person 175 125 45 249
person 47 122 36 252
person 571 99 54 275
person 1166 65 35 309
person 1219 61 50 313
person 1180 83 62 291
person 1094 39 108 335
person 606 135 16 239
person 3 71 65 303
car 624 123 96 251
car 363 121 150 253
car 504 143 29 231
car 531 149 43 225
bicycle 0 149 105 225
bicycle 1051 168 218 206
bus 955 112 130 262
