person 263 130 6 244
person 116 126 18 248
person 30 128 20 246
person 619 136 8 238
person 968 148 16 226
person 931 126 26 248
person 909 128 16 246
person 890 133 35 241
person 966 79 67 295
person 781 96 55 278
car 652 138 77 236
car 728 143 57 231
car 588 138 49 236
bicycle 914 146 140 228
bicycle 740 155 116 219
bicycle 1251 155 15 219
car 228 133 75 241
car 74 127 157 247
car 55 126 79 248
car 0 130 73 244
car 614 143 26 231
car 638 151 15 223
car 843 154 22 220
car 869 155 17 219
car 298 19 301 355
motorbike 1101 158 22 216
bicycle 1127 158 26 216
