person 246 111 16 263
person 216 109 37 265
person 254 112 28 262
person 378 112 14 262
person 458 107 20 267
person 701 114 13 260
person 735 120 10 254
person 747 116 23 258
person 836 117 13 257
person 823 115 16 259
person 892 117 16 257
person 861 106 26 268
person 950 110 19 264
person 999 113 18 261
person 524 109 24 265
person 452 110 56 264
person 458 85 98 289
person 1071 34 122 340
person 3 0 76 360
bicycle 0 215 85 159
bicycle 990 143 39 231
bicycle 1044 151 36 223
bicycle 778 151 31 223
bicycle 810 146 34 228
bicycle 890 143 40 231
bicycle 842 144 33 230
bicycle 1025 144 35 230
bicycle 977 143 35 231
bicycle 860 144 32 230
bicycle 944 139 31 235
bicycle 961 144 33 230
bicycle 878 143 31 231
bicycle 828 146 33 228
bicycle 1011 143 35 231
bicycle 795 148 31 226
bicycle 617 139 21 235
bicycle 601 139 19 235
bicycle 563 143 26 231
bicycle 622 135 30 239
bicycle 1014 127 62 247
bicycle 1190 135 35 239
bicycle 1195 144 67 230
bicycle 798 160 19 214
bicycle 248 164 67 210
bicycle 796 132 62 242
bicycle 908 143 36 231
bicycle 427 164 37 210
bicycle 360 140 67 234
bicycle 86 158 186 216
bicycle 54 158 149 216
car 639 119 140 255
