person 717 143 6 231
person 428 140 12 234
person 347 143 10 231
person 320 145 9 229
person 254 155 10 219
person 179 130 21 244
person 115 134 23 240
person 45 122 43 252
person 724 133 22 241
person 759 128 25 246
person 978 120 24 254
person 1025 122 17 252
person 1073 112 24 262
person 1152 99 37 275
car 62 146 194 228
car 869 130 111 244
car 263 143 102 231
car 459 146 37 228
car 574 138 42 236
car 844 133 59 241
car 614 143 26 231
car 798 137 21 237
car 444 143 34 231
car 750 146 15 228
car 652 148 15 226
car 481 148 20 226
car 1122 78 144 296
car 347 143 95 231
car 0 92 67 282
bus 675 130 29 244
car 816 99 82 275
car 779 130 36 244
