person 654 127 7 247
person 337 138 8 236
person 313 135 10 239
person 279 133 9 241
person 272 135 8 239
person 236 133 12 241
person 1114 107 20 267
person 1045 108 21 266
person 358 135 9 239
traffic_light 652 -62 24 437
car 920 112 101 262
car 510 135 30 239
car 431 137 24 237
car 1250 100 19 274
car 420 137 19 237
car 1257 116 10 258
car 358 127 74 247
car 452 123 57 251
car 624 125 97 249
car 554 122 85 252
car 744 128 36 246
car 773 128 31 246
bicycle 1041 128 26 246
car 805 133 18 241
car 316 139 47 235
bicycle 223 146 47 228
car 175 139 33 235
car 142 142 40 232
