person 619 128 9 246
person 627 128 9 246
person 637 129 8 245
person 646 128 12 246
person 670 120 8 254
person 686 120 10 254
person 691 119 14 255
person 672 115 19 259
person 591 126 11 248
person 739 113 13 261
person 793 109 15 265
person 1094 76 55 298
person 10 97 92 277
person 663 123 9 251
car 395 121 114 253
bicycle 986 127 60 247
bicycle 108 158 70 216
bicycle 934 125 60 249
bicycle 845 143 55 231
bicycle 0 222 38 152
car 263 135 198 239
bicycle 783 139 37 235
car 478 114 51 260
car 522 119 36 255
car 501 114 42 260
