person 663 124 10 250
person 768 122 10 252
person 768 136 9 238
person 776 122 8 252
person 818 110 19 264
person 782 120 14 254
person 796 104 29 270
person 603 128 16 246
person 623 124 13 250
person 642 130 9 244
person 563 119 21 255
person 496 107 30 267
person 342 114 35 260
person 383 115 29 259
person 399 107 32 267
person 430 94 34 280
person 926 93 44 281
person 752 118 15 256
person 432 98 50 276
person 519 96 48 278
car 647 118 117 256
bicycle 422 156 54 218
bicycle 522 148 36 226
bicycle 1103 130 101 244
bicycle 870 144 108 230
bicycle 1176 128 91 246
bicycle 952 139 68 235
bicycle 1014 156 70 218
bicycle 837 144 39 230
bicycle 963 123 113 251
bicycle 1035 130 101 244
bicycle 860 148 65 226
bicycle 1145 151 71 223
