person 191 118 26 256
person 651 127 5 247
person 694 120 14 254
person 962 89 34 285
person 529 114 27 260
traffic_light 577 -97 24 472
car 807 101 154 273
car 214 121 142 253
car 776 118 60 256
car 12 135 139 239
car 496 130 20 244
car 633 127 20 247
car 104 138 62 236
car 515 130 14 244
car 489 130 13 244
bicycle 1180 98 62 276
bicycle 981 130 55 244
bicycle 1161 112 31 262
car 396 112 96 262
bicycle 993 106 119 268
motorbike 1129 101 60 273
car 722 120 75 254
car 708 121 24 253
car 650 126 38 248
car 573 127 66 247
car 552 130 21 244
