person 818 110 15 264
person 516 122 8 252
person 534 121 13 253
person 547 120 12 254
person 578 122 16 252
person 509 127 13 247
person 495 126 19 248
person 517 123 18 251
person 477 128 15 246
person 480 115 10 259
person 362 103 29 271
person 554 125 16 249
person 612 106 27 268
car 711 121 35 253
bicycle 808 144 65 230
bicycle 745 148 63 226
bicycle 857 119 62 255
bicycle 729 148 31 226
bicycle 776 144 67 230
bicycle 760 137 62 237
bicycle 609 144 26 230
car 737 118 64 256
car 27 79 397 295
