person 4 79 44 295
person 617 132 11 242
person 575 131 16 243
person 342 118 22 256
person 532 126 19 248
person 590 128 17 246
person 734 277 25 97
person 681 86 82 288
traffic_light 1080 -130 55 505
traffic_light 1173 -130 74 505
car 807 146 71 228
car 49 118 37 256
car 82 123 41 251
car 124 123 40 251
car 17 114 35 260
car 894 143 24 231
car 877 143 29 231
car 944 140 21 234
car 998 148 22 226
car 1048 149 16 225
bicycle 4 174 128 200
truck 720 78 95 296
car 1070 120 57 254
bicycle 591 168 273 206
bicycle 1 210 78 164
car 313 132 83 242
bicycle 321 151 40 223
bicycle 523 148 24 226
bicycle 567 151 22 223
bicycle 585 152 19 222
