person 134 140 11 234
person 120 140 11 234
person 124 139 18 235
person 24 133 21 241
person 44 137 20 237
person 54 141 60 233
person 235 110 27 264
person 476 135 6 239
person 480 133 10 241
person 667 127 11 247
person 683 128 6 246
person 678 129 9 245
person 685 129 11 245
person 698 133 11 241
person 709 133 12 241
person 720 123 13 251
person 731 127 8 247
person 949 126 25 248
person 972 125 10 249
person 1004 125 14 249
person 1016 117 19 257
person 1044 109 22 265
person 1067 112 19 262
person 1107 112 16 262
person 970 104 42 270
person 880 110 40 264
person 1190 102 18 272
person 289 115 47 259
person 239 114 63 260
person 242 96 45 278
person 65 117 56 257
person 49 133 52 241
car 487 127 170 247
car 608 127 67 247
bicycle 198 171 139 203
bicycle 3 174 46 200
bicycle 346 157 22 217
car 369 137 67 237
bicycle 799 133 31 241
bicycle 827 132 43 242
bicycle 1178 126 63 248
bicycle 1136 129 54 245
bicycle 1108 132 54 242
