person 668 128 13 246
person 790 137 6 237
person 797 119 24 255
person 851 113 22 261
person 828 118 31 256
person 845 120 30 254
person 898 118 22 256
person 874 115 31 259
person 982 92 34 282
person 926 81 62 293
person 993 94 47 280
person 1056 86 37 288
person 1031 73 65 301
person 589 131 8 243
person 598 128 12 246
person 565 117 27 257
person 637 118 22 256
person 611 122 21 252
person 524 114 24 260
person 401 132 13 242
person 204 118 16 256
person 217 125 15 249
person 147 121 17 253
person 136 136 16 238
person 20 102 19 272
person 167 110 28 264
person 417 40 91 334
person 696 102 39 272
bicycle 408 192 79 182
bicycle 311 144 24 230
bicycle 696 151 30 223
bicycle 285 137 49 237
bicycle 143 135 72 239
bicycle 195 138 31 236
bicycle 238 147 23 227
bicycle 337 138 52 236
car 552 139 23 235
bicycle 677 155 65 219
