person 856 121 13 253
person 867 116 18 258
person 905 111 21 263
person 942 106 25 268
car 514 139 28 235
car 720 135 17 239
bicycle 857 148 12 226
bicycle 908 143 14 231
bicycle 940 133 28 241
car 642 130 45 244
car 578 116 49 258
car 799 121 31 253
car 425 135 24 239
car 397 137 40 237
car 368 139 34 235
car 339 139 34 235
car 218 139 42 235
car 203 137 35 237
car 191 139 27 235
car 67 118 129 256
car 114 141 55 233
car 72 135 70 239
car 42 135 75 239
car 0 133 70 241
car 0 143 12 231
truck 735 118 79 256
truck 679 112 26 262
car 691 133 18 241
