person 37 89 50 285
person 249 130 11 244
person 262 130 26 244
person 298 132 10 242
person 288 132 11 242
person 316 132 6 242
person 339 133 9 241
person 440 124 11 250
person 454 120 11 254
person 503 127 11 247
person 527 119 15 255
person 568 114 17 260
person 558 115 14 259
person 592 113 11 261
person 590 112 21 262
person 696 114 14 260
person 691 115 14 259
person 725 127 7 247
person 731 122 10 252
person 803 118 8 256
person 826 113 7 261
person 764 120 15 254
person 860 103 34 271
person 322 124 12 250
person 739 115 15 259
car 779 118 60 256
bicycle 835 124 27 250
bicycle 298 148 42 226
motorbike 649 127 36 247
car 860 90 321 284
bicycle 720 135 48 239
motorbike 626 127 34 247
