person 11 114 21 260
person 821 121 18 253
person 844 124 16 250
person 1118 98 40 276
person 557 97 48 277
person 555 122 18 252
person 1250 89 18 285
person 393 128 18 246
person 336 117 31 257
person 225 101 45 273
person 716 119 8 255
person 708 119 9 255
person 243 99 52 275
car 118 130 108 244
bicycle 226 148 63 226
bicycle 775 130 65 244
bicycle 1229 130 37 244
bicycle 862 133 29 241
bicycle 1093 130 68 244
bicycle 639 137 37 237
bicycle 1043 133 65 241
bicycle 925 130 36 244
bicycle 906 130 34 244
bicycle 1012 133 62 241
bicycle 989 127 37 247
bicycle 611 148 24 226
bicycle 959 127 37 247
bicycle 1130 133 59 241
bicycle 739 133 36 241
bicycle 1180 130 62 244
bicycle 601 148 22 226
bicycle 627 140 34 234
bicycle 546 143 20 231
bicycle 865 135 59 239
bicycle 531 143 24 231
bicycle 760 130 34 244
bicycle 601 140 52 234
bicycle 944 126 29 248
bicycle 1163 121 63 253
car 278 137 43 237
car 290 118 52 256
bicycle 343 154 16 220
bicycle 394 143 15 231
bus 365 96 102 278
bicycle 695 133 62 241
car 467 140 50 234
car 0 120 132 254
