person 215 137 22 237
person 734 130 7 244
person 744 130 10 244
person 865 114 21 260
person 1007 94 33 280
person 1122 58 51 316
car 221 139 126 235
car 517 141 19 233
bicycle 1116 114 63 260
bicycle 1226 123 44 251
bicycle 150 171 37 203
bicycle 1247 107 21 267
bicycle 944 137 29 237
car 324 133 74 241
car 565 123 70 251
car 344 112 68 262
car 0 164 134 210
car 379 127 60 247
car 437 144 21 230
car 444 141 26 233
car 452 133 35 241
car 482 143 13 231
car 487 142 28 232
car 535 137 29 237
car 640 133 49 241
