person 796 137 11 237
person 868 112 6 262
person 806 120 15 254
person 915 103 36 271
person 952 108 27 266
person 1005 89 36 285
person 346 125 24 249
person 324 128 31 246
person 278 125 14 249
person 257 121 14 253
person 249 139 13 235
person 222 117 34 257
person 119 125 9 249
person 692 150 7 224
person 663 150 5 224
person 115 114 39 260
person 32 92 68 282
person 637 147 13 227
person 652 147 13 227
person 672 147 10 227
person 680 145 12 229
person 731 90 58 284
bicycle 748 183 31 191
bicycle 639 163 11 211
bicycle 86 168 31 206
bicycle 686 165 9 209
bicycle 654 163 10 211
bicycle 108 168 60 206
bus 375 31 208 343
car 577 146 27 228
car 604 152 13 222
