person 489 111 12 263
person 483 110 6 264
person 560 112 16 262
person 1172 122 21 252
person 1140 107 27 267
person 685 107 19 267
person 749 107 19 267
person 779 102 24 272
person 842 107 19 267
person 824 106 24 268
person 228 105 12 269
person 263 89 30 285
person 472 106 15 268
person 513 107 14 267
person 984 89 35 285
traffic_light 917 59 22 315
car 344 112 85 262
bicycle 979 137 49 237
bicycle 93 112 21 262
bicycle 432 119 21 255
bicycle 265 117 30 257
bicycle 464 121 22 253
car 569 115 59 259
car 626 115 49 259
