person 983 130 13 244
person 986 95 29 279
person 949 96 25 278
person 1039 92 45 282
person 900 102 35 272
person 235 135 11 239
person 263 133 6 241
person 252 132 12 242
person 328 128 7 246
person 362 122 18 252
person 396 120 19 254
person 529 120 16 254
person 544 120 18 254
person 47 112 21 262
person 50 94 44 280
person 4 77 36 297
person 714 100 25 274
person 742 110 21 264
car 798 114 77 260
car 968 112 18 262
car 862 118 26 256
bicycle 716 143 16 231
bicycle 480 152 71 222
bicycle 462 146 73 228
bicycle 449 148 60 226
bicycle 416 152 65 222
bicycle 357 154 79 220
bicycle 281 146 111 228
bicycle 239 155 104 219
bicycle 130 140 126 234
bicycle 6 140 154 234
bicycle 0 143 77 231
bicycle 748 142 11 232
bicycle 661 135 29 239
bicycle 688 132 29 242
car 925 121 24 253
