person 1088 112 10 262
person 905 131 8 243
person 781 122 6 252
person 737 122 5 252
person 739 122 14 252
person 672 127 12 247
person 701 122 12 252
person 1249 95 20 279
person 646 123 18 251
person 621 125 18 249
person 548 127 18 247
person 84 113 11 261
person 129 102 12 272
person 186 114 14 260
person 217 101 16 273
person 203 110 16 264
person 236 112 13 262
person 249 111 13 263
person 267 111 11 263
person 278 114 9 260
person 291 115 13 259
person 101 115 16 259
person 173 128 18 246
person 440 110 34 264
person 766 122 15 252
person 864 113 14 261
person 782 122 14 252
car 785 121 92 253
bicycle 437 156 30 218
bicycle 622 141 14 233
bicycle 993 127 42 247
bicycle 1060 132 26 242
bicycle 143 146 60 228
