person 945 92 47 282
person 324 143 16 231
person 288 143 18 231
person 253 132 24 242
car 691 127 35 247
car 1220 88 49 286
car 934 91 337 283
car 904 119 35 255
car 786 127 128 247
car 757 125 55 249
car 717 133 40 241
car 592 128 86 246
bicycle 319 156 19 218
bicycle 280 158 22 216
bicycle 255 162 24 212
car 79 127 129 247
car 0 137 95 237
car 215 128 86 246
car 301 137 42 237
car 350 137 42 237
car 396 132 79 242
car 470 138 42 236
car 588 135 26 239
car 567 140 19 234
car 550 138 16 236
car 508 140 22 234
