person 870 140 6 234
person 763 133 21 241
person 749 115 19 259
person 726 121 16 253
person 4 61 38 313
person 4 45 91 329
person 769 94 53 280
person 993 122 29 252
person 1098 115 55 259
car 819 143 77 231
car 1214 183 55 191
car 877 143 29 231
bicycle 698 148 150 226
bicycle 1018 173 173 201
bicycle 490 130 108 244
bicycle 658 143 62 231
bicycle 397 130 119 244
bicycle 645 149 29 225
motorbike 999 177 14 197
car 1085 151 134 223
car 1026 140 31 234
car 1062 143 46 231
car 911 148 19 226
car 139 123 262 251
car 62 98 98 276
