person 327 125 15 249
person 313 122 19 252
person 188 130 17 244
person 207 133 16 241
person 124 130 17 244
person 94 131 19 243
person 53 132 21 242
person 29 129 26 245
person 4 93 29 281
person 430 124 16 250
person 686 124 14 250
person 1073 108 21 266
person 1074 115 22 259
person 272 122 16 252
person 249 114 29 260
person 368 110 22 264
person 347 101 32 273
person 399 99 34 275
car 829 106 59 268
bicycle 504 140 46 234
car 843 90 204 284
bicycle 54 155 32 219
bicycle 405 149 19 225
bicycle 354 154 39 220
bicycle 253 152 19 222
