person 449 125 8 249
person 483 123 8 251
person 477 127 7 247
person 490 124 6 250
person 495 124 9 250
person 529 120 10 254
person 539 124 8 250
person 550 120 8 254
person 693 111 18 263
person 716 108 24 266
person 844 97 36 277
person 935 85 46 289
person 1058 74 54 300
person 401 125 9 249
person 383 124 14 250
person 373 123 9 251
person 365 115 12 259
person 275 112 29 262
person 304 121 26 253
person 245 114 27 260
person 233 117 11 257
person 168 112 35 262
person 202 102 39 272
person 331 101 41 273
person 409 122 14 252
person 410 97 39 277
person 506 120 13 254
bicycle 409 144 31 230
bicycle 327 151 32 223
bicycle 505 139 16 235
bicycle 1108 145 161 229
bicycle 1032 116 150 258
bicycle 990 117 170 257
bicycle 940 119 190 255
bicycle 892 118 134 256
bicycle 865 118 137 256
bicycle 771 128 116 246
bicycle 750 128 109 246
bicycle 710 128 96 246
bicycle 699 128 94 246
car 544 110 158 264
