person 432 110 36 264
person 498 112 18 262
person 506 120 29 254
person 593 125 26 249
person 598 125 26 249
person 654 126 26 248
person 772 124 19 250
person 745 121 22 253
person 854 133 12 241
person 901 128 8 246
person 916 136 5 238
person 921 126 26 248
person 877 121 27 253
person 1060 124 14 250
person 1085 125 16 249
person 1098 130 15 244
person 1117 128 6 246
person 1116 127 16 247
person 1130 122 33 252
person 1157 127 40 247
person 1214 133 38 241
person 1040 125 22 249
person 1024 125 21 249
person 991 115 27 259
person 1013 121 24 253
