person 585 117 10 257
person 629 117 9 257
person 660 120 6 254
person 682 115 10 259
person 717 119 7 255
person 689 113 12 261
person 705 110 13 264
person 719 113 9 261
person 724 110 16 264
person 789 103 10 271
person 794 100 15 274
person 804 92 19 282
person 816 86 34 288
person 854 155 13 219
person 887 85 27 289
person 857 97 35 277
person 1016 88 14 286
person 960 91 25 283
person 979 73 39 301
person 1020 79 32 295
person 1047 107 24 267
person 1146 107 44 267
person 560 121 8 253
person 554 117 6 257
person 543 122 6 252
person 545 114 9 260
person 501 120 6 254
person 497 122 5 252
person 487 124 11 250
person 440 121 36 253
person 247 109 19 265
person 260 137 16 237
person 319 106 7 268
person 311 110 14 264
person 296 88 19 286
person 321 108 18 266
person 264 79 42 295
person 324 69 44 305
person 366 74 48 300
person 770 89 27 285
person 747 99 21 275
person 743 90 30 284
bicycle 1093 143 117 231
bicycle 1223 149 46 225
bicycle 1174 131 93 243
bicycle 959 138 31 236
bicycle 929 115 65 259
