person 511 115 9 259
person 519 114 13 260
person 570 114 6 260
person 565 117 7 257
person 579 114 9 260
person 586 113 10 261
person 590 113 13 261
person 858 97 11 277
person 570 115 13 259
person 829 97 19 277
person 854 159 8 215
person 708 120 9 254
person 717 115 12 259
person 732 117 10 257
person 744 118 6 256
person 938 94 15 280
person 749 113 10 261
person 759 114 12 260
person 773 108 22 266
person 838 99 22 275
person 799 95 42 279
person 923 96 22 278
person 886 91 18 283
person 858 81 39 293
person 897 99 19 275
person 944 97 30 277
person 903 88 43 286
person 966 85 43 289
person 389 98 20 276
person 427 104 19 270
motorbike 737 128 18 246
car 625 109 77 265
car 599 116 24 258
bicycle 16 127 139 247
bicycle 409 132 32 242
bicycle 571 130 13 244
bicycle 392 130 32 244
bicycle 428 138 18 236
bicycle 332 119 79 255
