person 609 171 9 203
person 627 172 9 202
person 617 175 13 199
person 802 174 16 200
person 824 168 11 206
person 850 179 22 195
person 759 122 72 252
person 729 124 48 250
person 662 119 65 255
person 555 117 45 257
person 511 143 59 231
person 498 101 53 273
person 429 107 70 267
person 496 112 75 262
person 359 106 65 268
person 361 128 60 246
person 385 124 71 250
person 872 128 56 246
person 316 127 39 247
person 222 124 65 250
person 116 115 73 259
person 32 114 86 260
person 4 81 58 293
person 1075 105 67 269
person 1041 115 90 259
person 1196 106 36 268
person 1159 128 51 246
person 1174 84 78 290
bicycle 1108 189 155 185
bicycle 944 174 40 200
bicycle 822 196 34 178
bicycle 1040 180 31 194
bicycle 1232 206 37 168
car 658 140 121 234
car 513 155 98 219
