person 939 114 6 260
person 951 115 6 259
person 556 101 11 273
person 704 112 22 262
person 701 114 17 260
person 684 102 17 272
person 672 101 18 273
person 709 101 16 273
person 805 106 10 268
person 792 106 14 268
person 897 106 13 268
person 1107 103 24 271
person 1173 10 109 364
person 168 94 18 280
car 279 97 103 277
car 220 100 75 274
car 18 99 75 275
car 55 97 102 277
bicycle 1080 121 68 253
bicycle 398 109 19 265
bicycle 424 109 19 265
bicycle 447 110 29 264
bicycle 482 110 26 264
car 144 97 42 277
bicycle 1152 128 47 246
