person 32 132 24 242
person 54 131 28 243
person 71 110 29 264
person 14 129 27 245
person 3 133 49 241
person 181 128 16 246
person 203 125 39 249
person 142 90 45 284
person 112 96 54 278
person 704 112 7 262
person 706 112 11 262
person 733 110 9 264
person 762 105 15 269
person 751 115 14 259
person 737 110 18 264
person 715 104 19 270
person 683 105 23 269
person 783 110 8 264
person 787 106 12 268
person 790 111 21 263
person 1114 110 57 264
car 214 102 313 272
car 571 102 68 272
bicycle 55 150 62 224
car 619 144 30 230
