person 227 137 9 237
person 199 134 7 240
person 518 120 9 254
person 396 122 6 252
person 461 119 12 255
person 462 125 8 249
person 455 121 9 253
person 442 117 14 257
person 401 123 13 251
person 388 121 12 253
person 379 121 10 253
person 332 125 12 249
person 311 117 8 257
person 311 114 21 260
person 295 119 14 255
person 260 124 16 250
person 239 117 16 257
person 554 117 6 257
person 558 111 14 263
person 622 96 29 278
person 667 107 18 267
person 775 111 13 263
person 802 102 6 272
person 584 108 18 266
person 503 124 11 250
person 498 130 7 244
person 512 130 6 244
car 850 85 263 289
car 789 94 108 280
car 773 106 34 268
car 468 115 38 259
bicycle 1161 140 96 234
