person 668 151 8 223
person 673 153 7 221
person 678 155 8 219
person 695 149 8 225
person 708 153 5 221
person 711 151 9 223
person 570 153 11 221
person 426 160 15 214
person 437 161 8 213
person 464 156 13 218
person 507 158 7 216
person 478 156 13 218
person 496 158 12 216
person 444 148 7 226
person 456 155 12 219
person 521 153 11 221
person 765 134 18 240
person 790 154 15 220
person 813 129 20 245
person 872 151 8 223
person 851 109 27 265
person 829 114 32 260
person 878 112 31 262
person 946 99 28 275
person 951 106 21 268
person 1068 77 67 297
person 1027 85 57 289
car 593 155 31 219
motorbike 786 149 24 225
