person 904 130 13 244
person 857 121 12 253
person 891 151 16 223
person 890 97 20 277
person 931 88 16 286
person 911 96 29 278
person 968 99 17 275
person 960 129 15 245
person 940 74 36 300
person 985 100 30 274
person 1017 66 37 308
person 1004 57 54 317
person 786 130 22 244
person 804 95 29 279
person 829 104 27 270
person 783 97 26 277
person 745 117 8 257
person 727 99 22 275
person 749 99 19 275
person 688 115 18 259
person 694 102 32 272
person 676 104 19 270
person 662 106 18 268
person 634 97 21 277
person 642 86 44 288
person 326 102 51 272
person 347 91 57 283
person 376 77 64 297
person 757 89 32 285
person 862 81 33 293
bicycle 851 121 40 253
