person 397 39 60 335
person 477 50 54 324
person 419 38 91 336
person 635 121 39 253
person 517 44 72 330
person 682 122 11 252
person 660 121 26 253
person 693 118 38 256
person 722 119 25 255
person 742 121 19 253
person 756 114 29 260
person 817 119 36 255
person 847 110 51 264
person 1009 104 19 270
person 998 120 39 254
person 982 116 26 258
person 793 124 9 250
person 973 124 21 250
person 903 97 47 277
person 1210 99 26 275
person 1194 107 19 267
person 1158 99 33 275
person 289 127 7 247
person 279 117 11 257
person 577 52 67 322
car 1232 106 37 268
bicycle 714 137 121 237
bicycle 704 149 71 225
car 288 115 31 259
car 366 115 21 259
car 276 103 15 271
car 280 93 18 281
car 316 96 24 278
