person 190 24 49 350
person 493 74 7 300
person 478 65 19 309
person 501 72 18 302
person 572 88 5 286
person 701 72 11 302
person 797 60 21 314
person 841 64 11 310
person 826 53 27 321
person 703 61 36 313
person 680 45 24 329
person 649 51 31 323
person 522 76 11 298
person 558 71 16 303
person 452 66 31 308
person 397 52 32 322
person 249 33 47 341
person 4 15 57 359
person 50 7 68 367
person 963 37 51 337
person 912 43 52 331
person 1032 22 60 352
person 1088 17 58 357
person 773 68 21 306
person 541 69 18 305
person 308 53 37 321
car 289 56 98 318
bicycle 736 96 18 278
bicycle 186 78 68 296
bicycle 242 75 55 299
bicycle 744 82 30 292
