person 645 120 7 254
person 717 115 6 259
person 750 114 12 260
person 779 110 9 264
person 840 94 11 280
person 921 84 32 290
person 480 122 6 252
person 368 137 16 237
person 346 126 14 248
person 332 127 11 247
person 614 120 6 254
person 596 120 5 254
car 776 102 145 272
bicycle 1090 109 108 265
bicycle 111 152 62 222
bicycle 0 158 34 216
bicycle 108 133 96 241
bicycle 211 146 59 228
bicycle 254 137 40 237
bus 487 99 55 275
bicycle 760 115 21 259
car 590 115 21 259
bicycle 739 118 12 256
car 692 117 20 257
