person 657 101 11 273
person 680 99 10 275
person 927 112 12 262
person 1128 99 26 275
person 901 103 15 271
person 914 107 13 267
person 783 77 29 297
person 821 81 34 293
car 304 62 158 312
car 403 81 118 293
bicycle 782 118 24 256
bicycle 614 115 21 259
bicycle 683 124 24 250
bicycle 565 112 21 262
bicycle 645 115 24 259
bicycle 549 112 18 262
bicycle 667 124 18 250
bicycle 534 112 21 262
bicycle 633 112 18 262
bicycle 580 115 21 259
bicycle 614 109 59 265
bicycle 602 115 18 259
bicycle 695 127 18 247
bicycle 661 106 31 268
bicycle 701 112 15 262
bicycle 829 133 18 241
car 0 0 329 375
car 400 34 114 340
car 1078 78 52 296
car 1122 147 36 227
