person 88 111 31 263
person 160 106 30 268
person 633 107 6 267
person 641 104 6 270
person 494 113 12 261
person 505 115 8 259
person 509 114 13 260
person 475 114 9 260
person 460 115 6 259
person 558 112 8 262
person 542 114 11 260
person 209 107 17 267
person 241 109 11 265
person 238 115 23 259
person 210 110 19 264
person 223 113 21 261
person 782 104 5 270
person 886 104 16 270
person 949 83 36 291
person 1004 89 36 285
person 689 101 10 273
person 549 118 15 256
person 757 110 11 264
motorbike 543 127 21 247
car 385 118 121 256
car 0 93 102 281
car 642 112 24 262
car 596 112 52 262
car 735 102 15 272
car 785 106 12 268
bicycle 344 143 27 231
car 813 112 65 262
bicycle 900 121 27 253
car 795 102 40 272
bicycle 226 140 65 234
bicycle 282 130 43 244
bicycle 329 137 27 237
car 704 115 83 259
bicycle 688 109 6 265
