person 532 105 9 269
person 522 107 7 267
person 584 107 6 267
person 645 102 11 272
person 665 106 6 268
person 680 104 13 270
person 786 100 6 274
person 978 96 9 278
person 978 93 11 281
person 989 88 28 286
person 999 85 31 289
person 1070 97 9 277
person 732 102 13 272
person 596 110 13 264
person 568 107 14 267
person 555 112 17 262
person 409 114 16 260
person 487 108 10 266
person 337 112 13 262
person 304 104 18 270
person 152 108 22 266
person 168 106 32 268
person 761 105 9 269
car 807 102 80 272
bicycle 785 109 18 265
