person 272 183 8 191
person 263 183 9 191
person 748 138 52 236
person 536 138 50 236
person 625 146 34 228
person 597 129 54 245
person 720 130 52 244
person 683 138 55 236
person 672 133 57 241
person 772 134 49 240
person 904 143 28 231
person 863 135 54 239
person 963 122 47 252
person 917 110 62 264
person 1062 129 44 245
person 1010 112 60 262
person 1097 118 77 256
person 1232 94 36 280
person 1190 100 62 274
person 1139 102 82 272
person 1254 163 14 211
person 313 180 8 194
car 394 155 68 219
car 425 177 37 197
car 379 178 21 196
car 472 177 70 197
car 338 180 18 194
car 453 180 40 194
car 369 177 16 197
bicycle 593 199 65 175
bicycle 518 217 37 157
car 352 178 14 196
