person 114 77 27 297
person 181 79 10 295
person 11 81 18 293
person 688 122 6 252
person 263 80 15 294
person 497 115 13 259
person 483 110 14 264
person 433 102 22 272
person 569 120 9 254
person 699 121 7 253
person 703 114 9 260
person 709 114 11 260
person 722 110 13 264
person 738 107 12 267
person 750 76 44 298
person 793 109 18 265
person 811 90 21 284
person 854 89 35 285
person 919 84 28 290
person 911 88 22 286
person 888 85 36 289
person 947 105 18 269
car 580 93 113 281
car 93 78 310 296
car 0 87 177 287
bicycle 518 127 18 247
car 344 112 153 262
bicycle 540 125 18 249
