person 295 113 26 261
person 272 101 21 273
person 252 107 34 267
person 423 117 9 257
person 469 117 9 257
person 454 119 19 255
person 1140 84 30 290
person 944 100 11 274
person 799 93 39 281
person 1218 69 42 305
car 546 73 214 301
car 519 118 45 256
bicycle 1096 118 61 256
bicycle 901 115 20 259
bicycle 931 113 22 261
bicycle 950 115 24 259
bicycle 966 116 21 258
bicycle 917 115 21 259
bicycle 994 118 27 256
bicycle 981 115 27 259
bicycle 968 112 52 262
bicycle 857 115 18 259
bicycle 885 115 18 259
bicycle 916 109 58 265
bicycle 1193 124 77 250
