person 413 121 18 253
person 440 117 13 257
person 490 140 21 234
person 757 137 13 237
person 746 136 11 238
person 652 142 8 232
person 676 138 11 236
person 660 138 11 236
person 621 145 8 229
person 535 118 21 256
person 792 135 26 239
person 279 60 57 314
person 818 117 21 257
person 863 119 22 255
person 965 110 24 264
person 941 91 28 283
person 1164 76 25 298
person 1184 73 29 301
person 1241 71 27 303
person 1187 80 55 294
person 1128 65 62 309
person 732 130 13 244
bicycle 727 143 14 231
bicycle 496 143 44 231
car 662 134 14 240
