person 840 108 14 266
person 801 84 8 290
person 780 87 9 287
person 802 84 15 290
person 812 79 13 295
person 783 80 19 294
person 817 71 13 303
person 871 80 8 294
person 839 68 19 306
person 855 66 19 308
person 878 81 8 293
person 880 78 17 296
person 765 87 14 287
person 742 86 12 288
person 751 83 14 291
person 727 87 8 287
person 731 88 16 286
person 700 107 11 267
person 715 81 15 293
person 701 81 18 293
person 672 86 17 288
person 677 81 12 293
person 684 78 21 296
person 649 82 19 292
person 288 96 14 278
person 504 91 19 283
person 534 86 24 288
person 303 94 24 280
car 329 99 186 275
car 34 94 304 280
car 0 150 70 224
bicycle 959 127 32 247
bicycle 926 112 29 262
bicycle 895 96 34 278
