person 812 110 5 264
person 806 116 6 258
person 819 107 5 267
person 823 110 6 264
person 830 110 5 264
person 860 104 5 270
person 839 109 7 265
person 831 114 16 260
person 867 115 11 259
person 876 116 16 258
person 898 114 21 260
person 840 108 35 266
person 827 147 19 227
person 813 122 17 252
person 743 120 15 254
person 676 123 9 251
person 203 143 13 231
person 185 140 23 234
person 245 134 17 240
person 249 139 11 235
person 258 141 7 233
person 215 137 32 237
person 301 138 11 236
person 311 140 15 234
person 183 183 42 191
person 322 138 24 236
person 344 127 44 247
person 449 139 15 235
person 470 135 23 239
person 427 125 25 249
person 645 124 14 250
person 657 116 21 258
person 621 119 24 255
person 4 90 62 284
person 126 91 33 283
person 143 97 54 277
person 73 95 49 279
person 61 81 59 293
person 1032 115 78 259
person 1160 109 63 265
person 1218 119 33 255
person 486 74 57 300
car 677 121 64 253
car 779 121 31 253
bicycle 236 152 77 222
car 770 118 27 256
motorbike 739 127 15 247
