person 614 117 7 257
person 603 125 5 249
person 589 120 6 254
person 580 115 11 259
person 592 121 12 253
person 563 112 18 262
person 539 107 19 267
person 513 113 16 261
person 459 102 21 272
person 431 97 11 277
person 410 99 27 275
person 435 95 28 279
person 126 76 34 298
person 144 65 63 309
person 635 130 5 244
person 680 127 5 247
person 696 127 6 247
person 700 128 6 246
person 704 126 7 248
person 721 117 12 257
person 729 119 8 255
person 739 119 9 255
person 749 123 7 251
person 755 120 9 254
person 803 115 7 259
person 786 110 9 264
person 799 114 8 260
person 778 104 13 270
person 765 109 20 265
person 789 112 18 262
person 1091 81 47 293
person 870 104 8 270
person 839 106 18 268
person 850 110 22 264
person 868 99 32 275
person 991 76 54 298
person 1044 81 61 293
person 1193 78 63 296
person 73 81 50 293
person 617 117 13 257
person 1129 156 47 218
bicycle 366 143 55 231
bicycle 436 125 49 249
car 453 125 37 249
bicycle 506 124 31 250
