person 467 102 36 272
person 968 102 16 272
person 986 102 16 272
person 997 101 19 273
person 1179 69 52 305
person 1226 71 50 303
person 644 105 16 269
motorbike 925 130 68 244
motorbike 640 127 17 247
car 83 90 217 284
car 260 102 119 272
car 0 90 150 284
car 767 104 57 270
car 347 110 60 264
car 594 109 26 265
car 711 110 40 264
car 748 106 27 268
bicycle 817 130 24 244
bicycle 832 122 55 252
bicycle 1168 121 57 253
bicycle 829 130 22 244
bicycle 863 130 24 244
car 468 69 130 305
car 397 84 68 290
