person 775 148 8 226
person 700 142 6 232
person 709 140 8 234
person 722 141 5 233
person 725 148 6 226
person 761 143 9 231
person 790 135 9 239
person 816 134 11 240
person 836 136 8 238
person 826 132 13 242
person 800 130 16 244
person 849 143 8 231
person 853 134 13 240
person 903 137 5 237
person 899 102 29 272
person 955 110 20 264
person 921 109 29 265
person 936 92 28 282
person 964 97 34 277
person 998 93 29 281
person 1238 96 42 278
person 603 140 6 234
person 527 137 8 237
person 533 133 11 241
person 519 133 12 241
person 513 128 12 246
person 495 131 12 243
person 475 133 9 241
person 293 107 24 267
person 218 112 21 262
person 267 89 38 285
person 233 87 30 287
person 212 91 16 283
person 182 76 49 298
person 123 66 50 308
person 76 70 45 304
person 4 66 91 308
person 1222 82 47 292
person 234 76 49 298
person 480 137 9 237
person 720 149 5 225
person 743 122 19 252
car 605 137 34 237
bicycle 885 140 15 234
