person 1212 89 6 285
person 1191 86 9 288
person 1194 89 16 285
person 1206 94 15 280
person 1157 89 9 285
person 1163 92 14 282
person 1149 89 13 285
person 1173 84 21 290
person 1126 95 8 279
person 1131 95 13 279
person 1113 95 16 279
person 1012 95 13 279
person 933 97 16 277
person 954 101 16 273
person 914 95 15 279
person 835 96 16 278
person 672 82 42 292
person 601 79 35 295
person 583 74 37 300
person 445 68 52 306
person 241 95 36 279
person 157 97 24 277
person 136 105 23 269
person 110 103 16 271
person 96 106 24 268
person 954 60 49 314
car 0 112 86 262
bicycle 925 119 96 255
