person 16 90 13 284
person 4 88 10 286
person 614 96 13 278
person 595 91 20 283
person 663 89 24 285
person 695 91 17 283
person 731 93 14 281
person 713 86 27 288
person 750 96 13 278
person 759 95 13 279
person 883 92 34 282
person 963 105 27 269
person 35 45 57 329
person 83 38 60 336
person 1243 69 26 305
bicycle 990 119 137 255
bicycle 1124 124 136 250
bicycle 640 121 36 253
bicycle 665 121 56 253
bicycle 776 115 65 259
bicycle 612 128 27 246
bicycle 745 118 62 256
bicycle 813 116 62 258
bicycle 714 121 31 253
bicycle 870 137 40 237
bicycle 631 127 23 247
bicycle 659 121 33 253
bicycle 578 127 27 247
bicycle 566 121 55 253
bicycle 678 130 27 244
bicycle 944 119 34 255
bicycle 844 118 62 256
motorbike 555 156 65 218
car 236 87 119 287
