person 257 143 10 231
person 204 117 29 257
person 477 113 24 261
person 471 128 22 246
person 449 102 37 272
person 73 88 55 286
person 516 119 7 255
person 737 51 72 323
car 1027 43 233 331
car 273 119 113 255
car 370 119 52 255
car 645 109 53 265
car 624 112 32 262
car 407 118 31 256
car 690 91 61 283
car 431 116 24 258
car 608 109 34 265
car 577 112 22 262
car 569 118 21 256
car 692 81 124 293
car 444 116 22 258
car 515 124 21 250
bicycle 178 130 102 244
bicycle 12 128 62 246
bicycle 953 112 62 262
bicycle 1040 137 37 237
bicycle 749 135 51 239
bicycle 882 119 34 255
car 590 147 59 227
car 483 121 34 253
car 538 119 24 255
