person 331 114 9 260
person 516 109 6 265
person 445 115 9 259
person 340 109 11 265
person 339 111 24 263
person 273 107 26 267
person 168 109 20 265
person 180 107 31 267
person 693 115 12 259
person 431 114 20 260
person 396 109 24 265
person 568 109 18 265
person 783 90 33 284
car 978 81 285 293
car 885 93 155 281
car 835 106 77 268
car 742 112 37 262
car 1220 149 49 225
bicycle 565 133 18 241
bicycle 77 143 52 231
bicycle 400 143 15 231
bicycle 431 146 15 228
bicycle 788 146 18 228
car 773 115 59 259
car 698 118 31 256
car 675 115 19 259
bicycle 854 137 42 237
bicycle 154 140 21 234
bicycle 215 138 26 236
bicycle 337 147 15 227
car 763 115 21 259
car 648 117 28 257
