person 1027 111 18 263
person 1003 110 18 264
person 903 90 19 284
person 886 86 25 288
person 772 116 10 258
person 765 115 11 259
person 103 99 23 275
person 605 106 26 268
person 589 102 27 272
person 390 88 39 286
person 333 74 37 300
person 44 79 36 295
person 3 100 8 274
car 118 109 77 265
car 192 115 96 259
car 636 112 68 262
car 521 112 74 262
bicycle 1192 137 68 237
bicycle 1173 143 52 231
bicycle 1229 137 37 237
bicycle 1257 140 9 234
car 388 112 90 262
car 986 112 85 262
bicycle 1 117 30 257
motorbike 29 191 49 183
