person 413 92 10 282
person 402 97 6 277
person 4 1 54 373
person 42 2 111 372
person 695 92 21 282
person 738 91 13 283
person 717 84 23 290
person 766 95 22 279
person 790 94 22 280
car 218 94 36 280
car 159 91 63 283
car 260 99 34 275
car 478 102 30 272
car 144 96 30 278
car 493 102 22 272
car 224 93 68 281
car 162 94 28 280
car 279 100 21 274
car 447 102 21 272
car 173 96 29 278
car 581 99 18 275
bicycle 849 131 23 243
bicycle 835 133 21 241
bicycle 863 132 22 242
car 531 90 59 284
car 296 95 48 279
bicycle 737 119 14 255
bicycle 785 127 28 247
bicycle 987 128 19 246
car 965 142 29 232
bicycle 880 163 51 211
