person 770 135 6 239
person 778 134 7 240
person 840 115 10 259
person 828 121 15 253
person 852 106 22 268
person 868 105 22 269
person 921 113 5 261
person 925 103 22 271
person 959 100 20 274
person 972 97 26 277
person 994 101 24 273
person 1008 91 33 283
person 1040 95 31 279
person 1076 102 31 272
person 1102 94 32 280
person 1257 105 12 269
person 681 111 15 263
person 631 112 18 262
person 583 130 6 244
person 563 131 6 243
person 544 128 9 246
person 523 99 24 275
person 449 92 21 282
person 462 69 46 305
person 330 58 22 316
person 347 62 41 312
person 356 165 8 209
person 104 34 53 340
person 810 105 18 269
person 572 131 8 243
person 568 133 7 241
person 888 97 14 277
person 913 96 11 278
person 901 92 17 282
car 652 121 37 253
bicycle 273 118 96 256
car 683 130 27 244
