person 4 58 24 316
person 296 95 13 279
person 470 111 16 263
person 304 107 18 267
person 570 122 8 252
person 397 100 30 274
person 842 120 20 254
person 698 122 8 252
person 732 108 12 266
person 773 110 11 264
person 745 113 7 261
person 750 112 11 262
person 754 106 22 268
person 782 107 13 267
person 791 58 62 316
person 857 83 24 291
person 903 81 44 293
person 948 77 46 297
person 1033 66 44 308
person 1025 75 49 299
person 1109 82 32 292
person 522 114 18 260
car 574 97 111 277
car 3 146 155 228
bicycle 515 128 24 246
bicycle 527 130 19 244
bicycle 499 130 21 244
car 47 87 366 287
motorbike 450 120 32 254
