person 870 116 15 258
person 861 120 11 254
person 1174 95 22 279
person 776 128 14 246
person 472 127 26 247
car 18 143 211 231
car 226 146 96 228
car 881 112 80 262
car 590 133 62 241
car 1096 112 59 262
car 316 140 83 234
car 1139 109 37 265
car 192 146 59 228
car 658 133 34 241
car 279 143 93 231
bicycle 459 152 37 222
car 636 124 21 250
car 0 146 40 228
bicycle 763 140 27 234
car 968 112 49 262
car 1003 112 80 262
car 552 133 49 241
car 472 130 40 244
car 503 124 59 250
car 375 130 93 244
car 543 112 71 262
car 3 124 80 250
motorbike 735 121 27 253
car 1186 115 21 259
car 1208 115 31 259
car 1069 112 53 262
