person 553 133 6 241
person 565 135 7 239
person 496 133 8 241
person 613 136 5 238
person 601 128 11 246
person 496 107 16 267
person 502 103 22 271
person 411 153 10 221
person 384 101 27 273
person 710 90 28 284
person 655 98 33 276
person 615 97 31 277
person 1164 47 16 327
person 1117 49 40 325
person 1067 87 27 287
person 1086 75 30 299
person 520 97 34 277
person 257 105 22 269
person 315 82 45 292
person 288 97 40 277
person 258 94 53 280
person 207 89 52 285
person 68 112 20 262
person 411 93 38 281
car 751 71 257 303
car 459 122 31 252
bicycle 416 147 27 227
bicycle 81 140 55 234
motorbike 0 137 55 237
