person 686 139 8 235
person 699 124 13 250
person 660 133 6 241
person 722 122 9 252
person 713 120 15 254
person 450 120 11 254
person 458 120 9 254
person 487 119 9 255
person 504 125 7 249
person 570 119 9 255
person 988 109 18 265
person 1037 130 40 244
person 140 41 44 333
person 67 196 16 178
person 113 45 54 329
person 248 60 47 314
person 273 45 85 329
person 186 61 77 313
person 73 0 73 374
car 789 79 210 295
car 748 124 55 250
bicycle 1083 161 115 213
bicycle 525 141 27 233
bicycle 527 125 55 249
car 588 118 67 256
