person 249 83 11 291
person 340 79 29 295
person 328 67 40 307
person 293 78 42 296
person 362 66 27 308
person 377 79 27 295
person 403 73 27 301
person 414 80 37 294
person 450 79 30 295
person 697 113 9 261
person 700 114 10 260
person 707 106 15 268
person 724 68 44 306
person 770 78 24 296
person 767 77 46 297
person 511 65 44 309
person 457 68 59 306
person 552 55 67 319
person 173 80 8 294
person 183 88 10 286
person 212 83 18 291
person 191 83 16 291
person 162 89 13 285
person 232 84 22 290
person 244 68 54 306
person 62 87 28 287
person 24 71 45 303
person 4 65 37 309
person 913 66 37 308
person 880 79 52 295
person 993 65 46 309
person 965 68 40 306
person 971 73 49 301
person 1042 60 31 314
person 1127 47 27 327
person 1145 70 31 304
person 1095 36 49 338
person 1121 95 50 279
person 1055 42 73 332
person 1212 65 59 309
person 60 12 114 362
car 614 84 62 290
bicycle 878 134 94 240
bicycle 1140 115 129 259
bicycle 704 122 25 252
bicycle 796 112 42 262
bicycle 18 121 168 253
car 506 78 126 296
