person 850 118 6 256
person 855 119 9 255
person 864 119 11 255
person 835 114 15 260
person 808 81 39 293
person 789 107 11 267
person 781 113 16 261
person 770 111 8 263
person 753 89 22 285
person 734 80 34 294
person 668 98 14 276
person 654 96 24 278
person 627 81 37 293
person 531 88 31 286
person 678 78 25 296
person 724 105 10 269
person 688 79 39 295
person 521 96 29 278
person 91 86 27 288
person 891 73 44 301
person 1128 88 34 286
person 1134 89 36 285
person 1183 88 24 286
person 4 40 81 334
person 4 0 83 375
person 385 26 144 348
person 801 110 14 264
person 1234 72 40 302
bicycle 944 127 96 247
bicycle 1190 124 80 250
