person 607 82 6 292
person 616 80 6 294
person 639 83 5 291
person 677 79 6 295
person 683 80 6 294
person 688 81 8 293
person 693 79 6 295
person 696 78 9 296
person 707 79 6 295
person 713 81 6 293
person 717 80 12 294
person 736 77 11 297
person 811 71 21 303
person 795 79 14 295
person 988 83 5 291
person 940 63 59 311
person 565 76 5 298
person 531 78 7 296
person 552 78 6 296
person 524 79 8 295
person 539 74 9 300
person 430 73 18 301
person 452 70 16 304
person 6 90 11 284
person 95 99 16 275
person 129 99 12 275
person 99 75 31 299
person 180 65 35 309
person 240 77 13 297
person 300 78 9 296
person 627 81 13 293
person 214 64 27 310
person 790 106 42 268
car 145 78 291 296
car 422 90 108 284
car 375 99 80 275
car 481 84 61 290
car 543 81 31 293
car 555 78 37 296
car 580 87 18 287
car 524 84 37 290
