person 424 113 7 261
person 619 104 6 270
person 612 106 6 268
person 704 107 6 267
person 714 107 5 267
person 748 118 8 256
person 758 118 8 256
person 750 121 12 253
person 764 133 11 241
person 709 111 25 263
person 801 133 12 241
person 838 134 8 240
person 847 122 12 252
person 911 120 22 254
person 1053 138 13 236
person 960 126 16 248
person 986 114 31 260
person 1085 131 10 243
person 1018 118 27 256
person 1066 120 24 254
person 1164 102 43 272
person 1247 132 26 242
person 645 114 23 260
person 606 112 24 262
person 480 119 12 255
person 502 115 9 259
person 487 115 11 259
person 324 99 23 275
person 370 91 28 283
person 328 92 36 282
person 562 122 21 252
person 395 101 25 273
person 554 113 9 261
car 627 131 24 243
