person 627 126 8 248
person 616 123 12 251
person 585 107 17 267
person 568 138 5 236
person 575 143 5 231
person 562 133 8 241
person 555 138 5 236
person 521 114 8 260
person 514 151 5 223
person 526 117 14 257
person 508 110 15 264
person 475 116 13 258
person 460 124 14 250
person 448 126 13 248
person 436 117 18 257
person 431 130 9 244
person 404 119 16 255
person 391 113 16 261
person 232 115 13 259
person 155 123 7 251
person 178 115 16 259
person 726 107 5 267
person 790 106 8 268
person 787 110 13 264
person 766 103 10 271
person 765 150 8 224
person 750 102 24 272
person 769 106 22 268
person 811 102 14 272
person 798 102 21 272
person 820 99 21 275
person 894 108 6 266
person 869 100 16 274
person 876 102 22 272
person 965 83 40 291
person 1222 140 46 234
person 1026 78 34 296
person 999 63 49 311
person 1101 69 63 305
person 1117 25 86 349
person 1172 14 97 360
person 420 130 12 244
person 483 100 29 274
person 532 101 28 273
bicycle 535 140 17 234
bicycle 484 132 25 242
bicycle 267 133 34 241
motorbike 113 119 52 255
motorbike 192 121 52 253
