person 815 122 8 252
person 787 110 22 264
person 834 117 17 257
person 878 88 39 286
person 1033 92 26 282
person 993 68 54 306
person 1075 179 11 195
person 1065 82 32 292
person 1127 110 29 264
person 1086 70 50 304
person 749 84 40 290
person 350 89 11 285
person 137 92 32 282
person 224 89 37 285
person 1206 214 21 160
person 1153 19 116 355
motorbike 531 97 224 277
motorbike 1180 196 90 178
motorbike 282 112 90 262
motorbike 369 104 105 270
motorbike 15 90 127 284
motorbike 199 125 39 249
bicycle 139 118 37 256
motorbike 463 71 155 303
