person 773 73 8 301
person 434 80 11 294
person 381 84 18 290
person 465 85 11 289
person 426 83 11 291
person 368 84 14 290
person 355 89 16 285
person 454 75 10 299
person 119 82 31 292
person 26 106 19 268
person 16 107 12 267
person 4 100 18 274
person 44 76 40 298
person 86 79 50 295
person 189 80 73 294
person 272 52 67 322
person 728 73 8 301
person 714 76 7 298
person 740 76 9 298
person 767 76 8 298
person 774 84 8 290
person 762 75 13 299
person 782 75 16 299
person 792 83 5 291
person 793 76 16 298
person 962 72 34 302
person 740 73 23 301
car 596 87 98 287
car 345 99 157 275
car 475 93 74 281
car 540 87 34 287
car 524 91 37 283
car 558 85 34 289
car 457 99 63 275
car 577 84 25 290
car 0 78 31 296
bicycle 34 144 67 230
bicycle 177 150 31 224
