person 95 134 10 240
person 126 133 9 241
person 114 136 13 238
person 270 130 30 244
person 252 131 31 243
person 109 135 11 239
person 96 137 16 237
person 77 133 21 241
person 31 132 9 242
person 46 136 12 238
person 8 127 18 247
person 637 130 25 244
person 683 127 27 247
person 713 127 31 247
person 747 138 18 236
car 395 140 86 234
car 115 143 62 231
car 363 137 50 237
car 167 138 40 236
car 342 140 26 234
car 209 137 20 237
car 317 140 22 234
car 329 140 25 234
car 299 137 23 237
car 202 137 18 237
bicycle 32 155 65 219
bicycle 53 147 52 227
car 232 132 40 242
