person 742 110 8 264
person 957 88 36 286
person 986 80 37 294
person 1031 76 43 298
person 175 102 8 272
person 185 101 9 273
person 198 101 10 273
person 218 99 9 275
person 229 101 7 273
person 254 104 7 270
person 272 102 5 272
person 321 102 8 272
person 376 102 8 272
person 386 99 8 275
person 395 96 11 278
person 417 101 6 273
person 471 99 7 275
person 472 102 7 272
person 508 106 6 268
person 521 104 9 270
person 550 108 6 266
car 767 99 167 275
car 987 62 279 312
car 621 112 77 262
car 617 116 18 258
bicycle 226 119 66 255
bicycle 273 119 29 255
bicycle 180 112 63 262
bicycle 320 113 49 261
bicycle 281 119 60 255
car 739 103 70 271
