person 704 189 6 185
person 745 171 7 203
person 740 169 7 205
person 762 168 29 206
person 780 169 8 205
person 845 166 6 208
person 831 168 6 206
person 837 167 7 207
person 485 166 16 208
person 478 163 11 211
person 467 168 7 206
person 450 174 18 200
person 431 169 15 205
person 611 166 13 208
person 605 184 9 190
person 416 164 19 210
person 1047 88 75 286
person 1180 93 63 281
person 1124 107 63 267
person 752 172 9 202
person 888 163 5 211
person 947 158 13 216
car 1003 147 46 227
car 920 165 17 209
car 900 165 18 209
car 956 162 19 212
bicycle 945 174 14 200
bicycle 267 188 47 187
bicycle 355 183 48 191
motorbike 777 177 29 197
car 980 150 14 224
car 1039 138 167 236
