person 440 112 8 262
person 59 113 8 261
person 65 112 9 262
person 85 106 8 268
person 113 107 11 267
person 179 104 11 270
person 320 108 6 266
person 328 109 7 265
person 354 111 7 263
person 454 98 11 276
person 419 113 10 261
person 432 115 7 259
person 466 97 12 277
person 493 97 11 277
person 534 99 7 275
person 538 98 12 276
person 1164 79 11 295
person 1175 79 11 295
person 1204 65 25 309
person 340 92 17 282
person 363 92 18 282
person 195 77 39 297
person 531 102 8 272
car 562 75 130 299
car 811 84 266 290
car 667 81 130 293
car 1040 81 146 293
bicycle 760 96 108 278
bicycle 459 109 65 265
bicycle 493 103 34 271
bicycle 459 115 27 259
bicycle 534 103 15 271
bicycle 546 109 19 265
car 1124 84 142 290
