person 361 135 13 239
person 352 138 17 236
person 337 136 18 238
person 324 137 21 237
person 313 123 24 251
person 305 141 14 233
person 295 133 17 241
person 278 122 27 252
person 263 140 16 234
person 265 125 34 249
person 240 129 28 245
person 201 125 27 249
person 167 125 29 249
person 137 133 31 241
person 32 122 37 252
person 691 131 24 243
person 696 140 17 234
person 1001 130 13 244
person 999 128 21 246
person 1034 141 13 233
person 1023 127 24 247
person 1103 117 29 257
person 1137 120 19 254
car 329 130 180 244
car 622 165 43 209
car 596 160 37 214
car 662 163 27 211
car 706 140 173 234
car 515 140 93 234
car 803 209 83 165
