person 474 131 6 243
person 384 117 13 257
person 372 122 13 252
person 336 123 21 251
person 300 122 18 252
person 316 118 27 256
person 283 123 19 251
person 267 124 26 250
person 243 127 14 247
person 222 122 14 252
person 164 140 17 234
person 141 135 28 239
person 108 119 36 255
person 38 133 37 241
person 463 121 8 253
person 465 133 5 241
person 501 108 33 266
person 448 118 21 256
person 487 104 36 270
person 758 106 28 268
person 750 94 33 280
person 894 78 27 296
person 1106 92 26 282
person 1152 90 13 284
person 1168 78 33 296
person 1153 84 31 290
car 404 118 67 256
