person 1069 128 8 246
person 1071 130 9 244
person 68 92 22 282
person 107 97 11 277
person 244 106 29 268
person 260 107 32 267
person 535 112 10 262
person 230 127 24 247
person 611 118 16 256
person 599 114 12 260
person 803 120 12 254
person 795 117 18 257
person 818 116 13 258
person 828 112 13 262
person 1242 126 16 248
person 1105 116 9 258
person 1089 125 11 249
person 1077 125 13 249
person 1168 67 61 307
person 706 115 19 259
person 401 88 21 286
person 377 81 29 293
person 540 114 17 260
person 761 120 13 254
car 83 87 201 287
car 0 87 52 287
car 465 109 77 265
car 664 137 31 237
bicycle 1201 140 65 234
car 739 118 62 256
bicycle 552 121 31 253
car 304 87 160 287
car 1006 160 65 214
car 1129 119 48 255
