person 617 69 5 305
person 672 73 9 301
person 688 73 9 301
person 679 76 10 298
person 711 70 11 304
person 722 76 11 298
person 740 73 14 301
person 690 96 24 278
person 1014 101 13 273
person 994 97 17 277
person 1002 104 19 270
person 905 103 34 271
person 918 104 25 270
person 955 109 26 265
person 962 105 51 269
person 1116 101 21 273
person 1105 106 22 268
person 1096 102 24 272
person 1016 81 56 293
person 1068 106 19 268
person 52 94 8 280
person 1025 61 54 313
person 1072 107 43 267
person 1146 104 11 270
person 1157 101 21 273
person 1125 114 55 260
person 1167 104 29 270
person 1187 101 29 273
person 1193 106 50 268
person 540 68 6 306
person 536 72 5 302
person 381 74 10 300
person 355 91 6 283
person 359 81 13 293
person 336 83 5 291
person 339 74 19 300
person 314 86 13 288
person 290 80 18 294
person 205 95 13 279
person 108 73 13 301
person 221 88 8 286
person 183 77 24 297
person 116 82 16 292
person 142 80 26 294
person 36 89 8 285
person 4 61 25 313
person 390 76 8 298
person 471 66 49 308
bicycle 450 121 90 253
bicycle 310 115 24 259
bicycle 347 102 27 272
bicycle 383 106 56 268
car 508 84 39 290
car 442 87 84 287
car 537 82 21 292
car 548 75 19 299
car 558 70 19 304
