person 580 135 8 239
person 572 115 10 259
person 555 112 14 262
person 523 124 8 250
person 488 114 10 260
person 420 117 9 257
person 420 118 9 256
person 309 92 12 282
person 323 76 18 298
person 16 91 8 283
person 36 84 10 290
person 586 117 12 257
person 266 112 6 262
person 18 80 23 294
person 34 76 36 298
person 62 78 32 296
person 3 146 21 228
person 246 62 26 312
person 269 66 52 308
person 568 61 77 313
person 764 29 56 345
person 763 56 77 318
person 609 12 124 362
person 685 39 135 335
person 841 119 21 255
person 881 111 11 263
person 867 109 17 265
person 919 127 15 247
person 139 53 88 321
person 1032 45 101 329
person 1020 60 98 314
person 924 0 109 375
person 1205 47 67 327
person 1177 65 91 309
person 306 19 138 355
car 627 119 32 255
bicycle 878 144 60 230
bicycle 478 122 56 252
bicycle 484 127 21 247
