person 962 103 22 271
person 313 97 33 277
person 294 99 30 275
person 510 107 9 267
person 524 105 13 269
person 537 107 10 267
person 553 107 9 267
person 546 110 11 264
person 585 109 11 265
person 724 103 25 271
car 0 112 54 262
car 411 109 23 265
car 341 109 31 265
car 127 106 54 268
car 432 106 17 268
car 74 106 65 268
car 190 112 30 262
car 24 109 66 265
car 404 109 14 265
car 56 115 31 259
car 0 112 13 262
car 332 107 22 267
car 159 109 60 265
car 161 112 21 262
bicycle 1127 155 118 219
bicycle 724 137 27 237
bicycle 1217 155 49 219
bicycle 1249 165 20 209
bicycle 581 122 14 252
bicycle 544 119 21 255
bicycle 519 118 15 256
bicycle 538 118 8 256
bicycle 684 121 24 253
