person 838 89 9 285
person 349 96 13 278
person 329 94 9 280
person 399 94 13 280
person 370 99 16 275
person 324 100 15 274
person 486 94 6 280
person 336 97 16 277
person 306 91 17 283
person 508 98 13 276
person 274 83 49 291
person 168 78 51 296
person 444 88 18 286
person 471 89 18 285
person 462 96 21 278
person 977 92 7 282
person 432 96 22 278
person 693 110 10 264
person 696 117 8 257
person 708 111 12 263
person 701 111 9 263
person 739 94 18 280
person 720 91 28 283
person 754 92 31 282
person 803 87 16 287
person 785 86 32 288
person 819 89 26 285
person 841 89 20 285
person 860 83 32 291
person 994 75 13 299
person 870 99 23 275
person 886 88 16 286
person 894 92 13 282
person 897 86 25 288
person 517 97 20 277
person 483 89 29 285
motorbike 937 140 77 234
car 577 88 103 286
car 531 106 33 268
bicycle 835 130 24 244
bicycle 888 119 62 255
bicycle 698 118 24 256
bicycle 485 113 23 261
