person 727 138 6 236
person 735 137 5 237
person 763 143 7 231
person 770 143 5 231
person 789 115 14 259
person 817 121 11 253
person 798 131 11 243
person 802 117 18 257
person 824 115 17 259
person 897 116 8 258
person 867 106 21 268
person 911 112 5 262
person 911 115 10 259
person 915 102 15 272
person 924 106 22 268
person 1243 99 28 275
person 1162 95 22 279
person 1224 99 31 275
person 1219 109 34 265
person 1183 153 32 221
person 1181 91 39 283
person 1139 104 36 270
person 576 133 8 241
person 581 134 7 240
person 563 140 5 234
person 591 130 10 244
person 568 135 8 239
person 554 128 11 246
person 537 129 11 245
person 530 136 8 238
person 521 137 8 237
person 377 60 56 314
person 427 50 40 324
person 395 45 58 329
person 44 95 29 279
person 237 37 85 337
person 886 109 17 265
person 835 99 24 275
person 940 92 23 282
person 972 90 23 284
person 1031 84 26 290
car 630 133 31 241
bicycle 826 121 37 253
