person 754 114 12 260
person 718 118 8 256
person 583 101 11 273
person 595 106 17 268
person 568 103 17 271
person 585 101 19 273
person 611 95 19 279
person 524 102 16 272
person 536 102 14 272
person 546 103 26 271
person 696 97 24 277
person 906 69 47 305
person 865 86 37 288
person 825 56 62 318
person 774 68 67 306
person 440 103 34 271
person 398 97 24 277
person 363 101 38 273
person 350 106 24 268
person 367 104 22 270
person 379 96 33 278
person 326 180 8 194
person 275 51 72 323
person 112 73 59 301
person 175 58 72 316
motorbike 0 135 127 239
car 645 102 65 272
bicycle 599 361 180 13
