person 831 112 25 262
person 819 112 14 262
person 797 132 9 242
person 763 135 7 239
person 758 134 7 240
person 737 131 12 243
person 706 135 9 239
person 649 134 7 240
person 695 134 11 240
person 669 115 27 259
person 670 107 26 267
person 758 84 40 290
person 888 64 34 310
person 844 55 68 319
person 1170 65 44 309
person 1233 72 36 302
person 1044 69 37 305
person 1004 61 62 313
person 1077 47 77 327
person 1077 61 72 313
person 564 133 9 241
person 557 141 15 233
person 581 133 8 241
person 541 132 13 242
person 512 110 31 264
person 479 113 27 261
person 300 127 18 247
person 204 130 30 244
person 226 94 45 280
person 8 122 13 252
person 13 115 27 259
person 62 143 22 231
person 47 140 24 234
person 85 109 36 265
person 311 105 40 269
person 363 105 39 269
bicycle 1198 112 68 262
bicycle 0 147 56 227
bicycle 407 144 62 230
bicycle 339 143 62 231
