person 1044 80 24 294
person 926 98 16 276
person 1211 93 11 281
person 1216 79 13 295
person 1221 82 29 292
person 1193 84 24 290
person 1175 94 24 280
person 1166 95 39 279
person 1165 124 17 250
person 1143 96 31 278
person 1144 84 26 290
person 760 73 51 301
car 3 121 139 253
car 419 100 170 274
car 339 112 104 262
car 285 118 80 256
car 223 124 68 250
car 201 130 50 244
car 319 121 71 253
bicycle 711 137 129 237
bicycle 866 119 37 255
bicycle 931 112 44 262
bicycle 708 121 42 253
bicycle 680 119 24 255
car 133 122 43 252
bicycle 837 119 27 255
