person 1207 135 13 239
person 1260 135 9 239
person 1168 139 20 235
person 260 133 11 241
car 164 137 62 237
car 431 130 74 244
car 499 133 40 241
car 90 130 65 244
car 543 127 34 247
car 344 130 59 244
car 291 127 62 247
car 617 137 43 237
car 248 130 52 244
car 394 133 27 241
car 565 130 21 244
car 416 137 21 237
car 583 133 15 241
car 341 133 31 241
car 245 133 24 241
car 90 137 34 237
car 226 133 24 241
car 537 130 15 244
car 599 133 15 241
car 124 133 31 241
truck 609 106 43 268
car 3 158 75 216
