person 710 106 8 268
person 799 97 8 277
person 806 101 9 273
person 843 97 11 277
person 857 96 6 278
person 849 101 13 273
person 981 106 15 268
person 960 97 40 277
person 945 98 18 276
person 1033 103 24 271
person 1246 96 18 278
person 655 102 7 272
person 532 102 5 272
person 534 107 11 267
person 520 103 8 271
person 513 104 10 270
person 488 102 22 272
person 475 101 8 273
person 477 102 13 272
person 487 105 18 269
person 970 203 8 171
person 463 102 12 272
person 443 104 11 270
person 452 97 15 277
person 440 112 11 262
person 405 109 10 265
person 395 89 6 285
person 354 91 6 283
person 338 99 14 275
person 343 103 22 271
person 306 102 26 272
person 275 107 28 267
person 252 88 20 286
person 263 109 27 265
person 243 107 35 267
person 197 92 9 282
person 209 103 7 271
person 195 101 33 273
person 146 96 28 278
person 85 113 41 261
person 19 106 34 268
person 42 106 37 268
person 3 237 14 137
person 143 80 83 294
person 275 165 33 209
person 432 204 9 170
person 399 81 72 293
person 334 65 86 309
person 642 106 32 268
person 655 92 25 282
person 667 78 62 296
person 668 49 36 325
person 670 94 57 280
person 865 43 128 331
person 1056 22 120 352
person 1063 12 131 362
car 633 98 15 276
motorbike 795 121 57 253
bicycle 822 121 43 253
motorbike 768 118 35 256
motorbike 750 115 40 259
car 731 106 46 268
car 720 101 21 273
car 596 99 27 275
