person 883 91 39 283
person 955 97 22 277
person 460 128 8 246
person 400 129 17 245
person 341 138 8 236
person 335 138 10 236
person 325 136 16 238
person 311 138 6 236
person 298 138 20 236
person 268 121 26 253
person 365 128 20 246
person 347 121 21 253
person 93 123 17 251
person 129 125 31 249
person 46 111 48 263
car 599 123 42 251
car 509 130 37 244
car 462 126 49 248
car 0 137 18 237
bicycle 1098 114 62 260
car 388 133 93 241
car 1158 0 108 375
bicycle 785 143 24 231
car 563 127 16 247
car 654 101 103 273
car 647 118 16 256
truck 617 110 26 264
