person 668 130 10 244
person 587 131 5 243
person 580 130 8 244
person 574 132 6 242
person 559 128 5 246
person 564 132 6 242
person 501 124 9 250
person 491 127 14 247
person 476 127 11 247
person 462 122 16 252
person 456 124 10 250
person 429 109 34 265
person 241 109 16 265
person 227 110 22 264
person 12 80 39 294
person 764 137 13 237
person 876 125 6 249
person 852 125 12 249
person 977 136 13 238
person 1132 115 8 259
person 1108 117 29 257
person 1057 119 6 255
person 1032 100 28 274
person 1056 106 29 268
person 1142 103 14 271
person 1263 109 5 265
person 395 108 34 266
person 401 99 39 275
person 523 101 40 273
person 574 101 51 273
person 257 107 13 267
motorbike 1117 118 149 256
motorbike 130 140 124 234
motorbike 236 143 79 231
motorbike 9 158 160 216
motorbike 0 163 86 211
car 614 135 18 239
car 512 127 21 247
car 273 99 133 275
motorbike 663 130 16 244
car 700 126 40 248
car 688 129 22 245
bicycle 973 143 109 231
