person 811 94 10 280
person 821 94 11 280
person 872 96 13 278
person 965 99 22 275
person 1004 92 15 282
person 1016 104 15 270
person 1001 100 32 274
person 883 101 17 273
person 888 92 35 282
person 1181 99 18 275
person 1211 66 46 308
person 1219 40 37 334
person 1242 84 26 290
person 1198 84 81 290
person 814 61 77 313
person 538 96 8 278
person 529 100 5 274
person 501 96 8 278
person 513 97 13 277
person 501 104 13 270
person 486 101 11 273
person 612 80 40 294
person 615 88 44 286
person 633 61 61 313
person 706 253 44 121
person 677 61 103 313
person 364 99 7 275
person 344 94 18 280
person 331 93 27 281
person 231 78 23 296
person 265 109 16 265
person 252 99 26 275
person 237 101 32 273
person 218 101 40 273
person 166 84 33 290
person 138 87 13 287
person 121 88 21 286
person 162 94 37 280
person 139 93 65 281
person 65 89 26 285
person 4 99 13 275
person 11 92 37 282
person 3 81 18 293
person 92 96 41 278
person 275 138 22 236
person 305 100 35 274
person 304 139 21 235
person 401 21 124 353
person 327 43 142 331
bicycle 944 124 62 250
motorbike 810 118 32 256
motorbike 779 112 48 262
car 744 101 46 273
car 731 95 19 279
motorbike 537 106 45 268
car 599 95 24 279
