person 570 119 8 255
person 581 119 6 255
person 621 113 11 261
person 639 115 11 259
person 740 115 8 259
person 749 112 10 262
person 941 109 50 265
person 1057 99 35 275
person 1126 77 75 297
person 1244 95 24 279
person 391 112 7 262
person 344 99 26 275
car 683 121 67 253
car 869 112 142 262
car 554 126 34 248
car 596 126 17 248
car 588 126 15 248
car 0 86 164 288
car 133 114 220 260
car 335 118 116 256
car 428 118 60 256
car 473 123 44 251
car 477 106 72 268
car 551 127 22 247
car 654 121 22 253
car 807 87 129 287
car 806 65 109 309
car 770 117 34 257
