person 696 81 6 293
car 481 112 77 262
car 782 109 127 265
car 375 110 105 264
car 546 106 45 268
car 742 114 40 260
car 601 78 24 296
car 583 96 29 278
car 691 106 38 268
car 683 96 29 278
car 621 51 18 323
car 638 31 19 343
car 704 109 40 265
car 645 34 18 340
car 713 106 62 268
car 661 50 21 324
car 757 110 68 264
car 601 68 22 306
car 613 64 19 310
car 664 64 24 310
car 670 78 20 296
car 627 48 18 326
car 639 25 15 349
car 678 84 24 290
car 658 48 12 326
car 577 81 37 293
car 1046 124 223 250
car 154 109 252 265
