person 642 105 5 269
person 627 107 6 267
person 530 104 8 270
person 509 104 7 270
person 513 103 11 271
person 393 98 8 276
person 424 107 6 267
person 423 102 11 272
person 395 104 16 270
person 381 99 16 275
person 291 77 18 297
person 339 92 24 282
person 294 88 13 286
person 229 88 11 286
person 251 96 36 278
person 265 89 44 285
person 234 94 29 280
person 47 59 74 315
person 116 84 39 290
person 191 100 12 274
person 175 62 91 312
person 124 84 98 290
person 3 61 26 313
person 3 109 21 265
person 711 107 9 267
person 705 106 10 268
person 852 98 8 276
person 988 93 24 281
person 1207 88 13 286
person 1219 76 35 298
person 1003 67 97 307
person 874 19 137 355
person 754 43 120 331
person 667 94 38 280
person 451 81 99 293
person 513 51 95 323
person 422 43 124 331
person 539 65 115 309
person 305 97 36 277
bicycle 968 143 54 231
bicycle 973 161 63 213
car 1198 143 68 231
bicycle 1198 143 68 231
motorbike 866 121 43 253
car 757 106 27 268
car 729 104 31 270
car 713 95 21 279
car 657 107 18 267
car 624 109 18 265
