person 434 124 8 250
person 389 124 26 250
person 780 127 8 247
person 831 122 27 252
car 1009 123 236 251
car 863 127 173 247
car 790 130 37 244
car 760 130 29 244
car 745 127 24 247
car 807 130 37 244
car 1185 192 81 182
car 725 130 13 244
car 732 130 12 244
car 778 127 34 247
car 459 126 74 248
car 0 64 157 310
car 689 133 45 241
car 819 121 62 253
car 652 137 27 237
car 635 138 15 236
car 604 130 32 244
car 579 138 46 236
car 511 137 59 237
car 554 138 37 236
car 371 135 134 239
car 149 127 213 247
