person 603 142 7 232
person 611 138 9 236
person 621 138 7 236
person 623 140 13 234
person 647 140 10 234
person 660 135 6 239
person 666 133 9 241
person 522 134 9 240
person 531 135 7 239
person 536 132 9 242
person 502 135 6 239
person 494 131 13 243
person 477 130 22 244
person 462 132 16 242
person 455 130 15 244
person 409 129 19 245
person 409 127 21 247
person 396 130 19 244
person 375 136 24 238
person 332 130 18 244
person 337 93 41 281
person 316 118 34 256
person 273 117 34 257
person 299 124 37 250
person 247 109 18 265
person 249 122 22 252
person 252 110 61 264
person 213 116 20 258
person 239 112 8 262
person 134 110 19 264
person 174 115 19 259
person 178 109 52 265
person 134 113 64 261
person 96 111 8 263
person 54 111 16 263
person 64 103 63 271
person 27 104 59 270
person 412 102 40 272
person 729 119 24 255
person 750 124 20 250
person 774 127 18 247
person 866 134 9 240
person 850 133 21 241
person 1031 63 65 311
person 1097 61 50 313
person 716 127 14 247
car 812 137 35 237
car 934 130 26 244
motorbike 1032 132 237 242
bicycle 958 142 71 232
bicycle 902 142 86 232
bicycle 902 142 86 232
