person 1167 191 27 183
person 1032 87 40 287
person 1084 83 35 291
person 1085 102 55 272
person 686 124 6 250
person 614 120 8 254
person 237 123 23 251
person 922 97 34 277
car 645 118 24 256
car 608 123 37 251
car 720 112 27 262
car 583 121 27 253
car 770 99 12 275
car 633 118 24 256
car 785 101 9 273
car 700 109 19 265
car 670 114 12 260
car 751 87 14 287
car 695 110 24 264
car 714 106 14 268
bicycle 899 130 60 244
car 790 56 111 318
motorbike 501 129 32 245
car 520 121 50 253
car 551 115 37 259
motorbike 1188 96 78 278
