person 645 101 22 273
person 675 97 21 277
person 289 71 28 303
person 295 73 62 301
person 706 107 14 267
person 721 107 14 267
person 749 104 9 270
person 732 104 13 270
person 743 109 12 265
person 780 98 14 276
person 813 100 9 274
person 816 101 15 273
person 768 88 62 286
person 734 73 75 301
person 936 85 37 289
person 1047 92 49 282
person 557 61 62 313
bicycle 327 126 69 248
bicycle 442 118 59 256
bicycle 524 118 27 256
bicycle 919 123 24 251
bicycle 562 130 51 244
bicycle 872 129 68 245
