person 626 110 6 264
person 663 112 7 262
person 655 114 8 260
person 676 113 8 261
person 683 111 9 263
person 691 119 9 255
person 711 115 8 259
person 701 117 13 257
person 719 115 11 259
person 732 111 13 263
person 735 114 18 260
person 755 114 17 260
person 774 109 16 265
person 789 106 18 268
person 855 104 24 270
person 837 115 20 259
person 1057 92 28 282
person 1035 122 36 252
person 1016 71 48 303
person 988 181 24 193
person 970 70 52 304
person 1075 135 52 239
person 1122 71 40 303
person 386 110 11 264
person 398 109 16 265
person 465 114 9 260
person 316 101 8 273
person 4 75 34 299
person 901 92 52 282
car 588 109 10 265
bicycle 900 146 51 228
car 273 118 124 256
car 462 114 40 260
car 496 120 11 254
car 501 120 13 254
car 509 120 14 254
car 512 110 24 264
