person 624 89 7 285
person 634 88 13 286
person 673 83 19 291
person 682 91 28 283
person 519 83 6 291
person 526 83 11 291
person 537 88 9 286
person 547 86 9 288
person 558 86 8 288
person 565 88 8 286
person 498 87 11 287
person 467 83 11 291
person 468 89 15 285
person 428 79 34 295
person 425 78 16 296
person 479 84 25 290
person 502 92 32 282
person 640 87 29 287
person 558 91 36 283
person 807 68 45 306
person 768 84 50 290
person 938 60 81 314
person 1156 14 107 360
car 583 96 54 278
bicycle 583 143 15 231
