person 327 113 14 261
person 386 103 22 271
person 408 110 16 264
person 684 108 16 266
person 697 109 9 265
person 810 107 33 267
person 987 109 12 265
person 971 106 18 268
person 952 109 22 265
person 1051 74 68 300
person 989 58 88 316
person 290 124 11 250
person 558 101 17 273
person 548 107 19 267
person 264 107 24 267
bicycle 0 155 49 219
bicycle 602 135 36 239
bicycle 79 160 26 214
bicycle 155 157 24 217
bicycle 181 160 40 214
car 105 130 206 244
bicycle 216 163 43 211
car 282 129 133 245
car 343 126 149 248
bicycle 452 140 72 234
bicycle 489 145 62 229
bicycle 532 142 66 232
car 1250 86 19 288
car 1088 106 181 268
car 1091 101 136 273
car 976 121 19 253
car 958 118 35 256
bicycle 661 138 48 236
motorbike 874 106 18 268
bicycle 913 117 17 257
