person 650 86 10 288
person 694 88 5 286
person 701 89 8 285
person 686 88 10 286
person 655 85 29 289
person 645 88 28 286
person 481 83 21 291
person 501 89 26 285
person 244 67 59 307
person 275 33 90 341
person 731 88 8 286
person 722 90 10 284
person 729 95 9 279
person 762 85 9 289
person 768 89 13 285
person 745 92 11 282
person 754 88 11 286
person 804 84 10 290
person 893 96 18 278
person 1109 63 76 311
person 670 84 18 290
car 767 93 154 281
bicycle 529 99 27 275
bicycle 563 98 24 276
motorbike 596 93 32 281
