person 925 101 10 273
person 960 106 6 268
person 952 99 12 275
person 977 103 9 271
person 968 106 10 268
person 1015 99 9 275
person 1022 99 12 275
person 1042 94 16 280
person 1032 97 14 277
person 395 70 51 304
person 343 75 65 299
person 313 76 64 298
person 1088 99 11 275
person 1072 96 16 278
person 1119 101 20 273
person 1099 97 14 277
car 773 106 52 268
bicycle 4 133 136 241
car 477 101 60 273
car 579 40 199 334
car 49 146 136 228
bicycle 49 146 136 228
car 881 110 74 264
car 863 115 32 259
