person 1083 135 9 239
person 981 134 6 240
person 888 124 21 250
person 1116 29 124 345
person 299 129 5 245
person 218 125 7 249
person 169 119 9 255
person 37 117 10 257
person 87 126 7 248
person 54 118 18 256
person 117 117 22 257
person 132 140 12 234
person 408 119 21 255
person 652 120 21 254
person 624 124 17 250
person 601 118 26 256
person 576 122 13 252
person 579 128 22 246
person 445 57 94 317
person 329 128 7 246
car 377 130 19 244
bicycle 1217 121 49 253
bicycle 1105 148 29 226
bicycle 709 126 55 248
bus 709 126 55 248
car 681 117 27 257
car 337 126 34 248
car 222 123 65 251
motorbike 326 130 11 244
car 1037 127 34 247
