person 27 142 16 232
person 66 143 6 231
person 398 137 22 237
person 555 132 17 242
person 813 127 15 247
person 821 137 21 237
person 832 133 19 241
person 1024 127 34 247
person 1072 122 34 252
person 1113 128 36 246
person 758 69 98 305
car 698 135 49 239
car 141 151 62 223
car 24 154 114 220
bicycle 0 173 27 201
bicycle 133 173 43 201
bicycle 39 171 65 203
car 358 146 66 228
car 440 140 88 234
car 874 126 86 248
car 956 133 68 241
car 1234 127 35 247
car 1204 130 62 244
car 1175 129 46 245
car 1054 146 109 228
