person 745 112 8 262
person 399 125 9 249
person 510 120 11 254
person 472 122 6 252
person 477 120 14 254
person 339 117 26 257
person 180 114 19 260
person 204 105 36 269
person 184 119 39 255
person 144 92 36 282
person 27 98 42 276
person 4 124 33 250
person 40 93 68 281
person 639 120 8 254
bus 0 25 322 349
motorbike 633 118 12 256
car 1175 90 93 284
car 1076 92 153 282
car 1011 95 103 279
car 981 101 60 273
car 947 98 65 276
bicycle 908 123 57 251
bicycle 875 127 54 247
bicycle 860 124 43 250
bicycle 844 126 42 248
bicycle 819 123 39 251
bicycle 810 120 36 254
truck 652 86 63 288
