person 570 141 8 233
person 860 122 12 252
person 888 117 13 257
person 896 116 16 258
person 907 122 14 252
person 942 122 6 252
person 945 127 6 247
person 965 116 14 258
person 999 118 15 256
person 991 114 14 260
person 931 114 13 260
person 947 115 17 259
person 972 114 26 260
person 1066 114 16 260
person 1040 99 33 275
person 227 120 16 254
person 240 122 23 252
person 258 125 27 249
person 270 131 19 243
person 679 126 17 248
car 602 126 88 248
car 480 135 94 239
car 439 133 37 241
car 461 133 31 241
car 757 123 118 251
car 740 124 59 250
car 700 133 41 241
bicycle 986 146 52 228
motorbike 911 130 90 244
car 228 115 231 259
bicycle 872 130 51 244
