person 761 127 5 247
person 782 133 6 241
person 765 122 9 252
person 772 125 9 249
person 919 99 9 275
person 927 91 14 283
person 904 104 13 270
person 915 110 10 264
person 732 96 31 278
person 1055 48 67 326
person 318 124 14 250
person 308 126 10 248
person 325 123 9 251
person 329 119 14 255
person 339 123 8 251
person 383 125 16 249
person 411 124 21 250
person 339 119 21 255
person 341 121 26 253
person 357 126 29 248
person 460 124 7 250
person 419 128 14 246
person 464 125 10 249
person 503 126 14 248
person 429 101 32 273
person 473 94 34 280
car 621 114 99 260
car 881 92 290 282
car 784 104 125 270
car 720 127 24 247
