person 4 121 26 253
person 38 91 41 283
person 596 123 11 251
person 589 120 11 254
person 661 124 6 250
person 760 124 7 250
person 790 130 11 244
person 806 120 10 254
person 823 125 14 249
person 909 101 23 273
person 929 88 39 286
person 889 109 18 265
person 860 113 13 261
person 841 102 26 272
person 866 104 31 270
person 1034 105 34 269
person 999 97 37 277
car 472 124 37 250
car 422 121 68 253
car 683 124 27 250
car 670 123 24 251
car 529 126 15 248
car 543 127 17 247
car 557 127 12 247
car 613 123 13 251
car 633 124 12 250
car 723 127 29 247
car 709 127 19 247
