person 104 106 32 268
person 216 118 15 256
person 278 120 6 254
person 262 119 14 255
person 444 122 7 252
person 463 126 11 248
person 493 125 11 249
person 596 122 7 252
person 653 120 8 254
person 722 112 13 262
person 696 108 16 266
person 711 109 13 265
person 1233 102 18 272
person 1209 99 19 275
person 1253 99 16 275
person 1039 101 19 273
person 1041 106 25 268
person 1022 97 26 277
person 986 105 27 269
person 893 108 11 266
person 897 102 25 272
person 801 106 8 268
person 863 109 7 265
person 865 108 16 266
person 873 104 19 270
person 831 106 16 268
person 837 104 25 270
person 772 108 18 266
person 787 106 18 268
person 801 110 15 264
person 751 107 20 267
person 778 140 11 234
car 260 118 79 256
car 372 106 70 268
car 352 124 26 250
car 461 126 29 248
bicycle 747 133 26 241
