person 385 107 5 267
person 401 112 9 262
person 491 120 8 254
person 481 115 8 259
car 459 118 111 256
car 236 118 114 256
car 0 123 105 251
car 86 118 180 256
car 434 124 52 250
car 400 124 39 250
car 1163 98 37 276
car 324 106 88 268
car 1170 114 99 260
car 1158 83 111 291
car 936 96 248 278
car 905 110 68 264
car 890 123 31 251
car 863 110 79 264
car 824 114 60 260
car 787 84 178 290
car 670 132 27 242
car 660 140 7 234
car 576 137 21 237
car 591 133 15 241
car 619 135 15 239
car 636 137 12 237
car 685 124 85 250
car 652 138 15 236
