person 457 169 6 205
person 465 169 7 205
person 477 167 8 207
person 490 169 6 205
person 497 169 7 205
person 505 170 6 204
person 521 173 5 201
person 570 173 7 201
person 588 171 6 203
person 486 218 8 156
person 434 183 12 191
person 446 188 16 187
person 406 169 7 205
person 376 171 11 203
person 366 169 13 205
person 352 172 18 202
person 334 167 23 207
person 408 180 16 194
person 420 179 20 195
person 393 166 18 208
person 381 165 21 209
person 146 94 36 280
person 152 117 19 257
person 103 86 70 288
person 43 74 62 300
person 4 83 44 291
person 593 200 9 174
person 601 196 8 178
person 581 194 15 180
person 551 171 25 203
person 608 189 14 185
person 620 188 14 187
person 607 184 12 190
person 638 176 22 198
person 646 174 14 200
person 694 167 9 207
person 676 141 21 233
person 655 143 32 231
person 731 134 33 240
person 1064 117 45 257
person 1091 159 68 215
person 868 73 88 301
car 504 180 60 194
