person 726 80 11 294
person 735 83 8 291
person 719 115 10 259
person 728 118 18 256
person 778 110 6 264
person 765 110 18 264
person 779 103 19 271
person 1069 79 52 295
person 443 126 6 248
person 277 135 18 239
person 221 124 11 250
person 167 124 19 250
person 206 132 21 242
person 181 121 26 253
person 114 121 10 253
person 131 110 16 264
person 124 117 11 257
person 144 124 11 250
person 133 119 18 255
car 0 121 161 253
car 571 106 161 268
car 732 109 37 265
car 732 114 18 260
car 526 130 19 244
bus 303 56 136 318
bus 583 43 99 331
car 439 123 44 251
car 480 130 29 244
car 509 130 24 244
car 807 79 161 295
bicycle 1011 148 81 226
