person 127 115 16 259
person 154 111 19 263
person 134 116 22 258
person 174 115 21 259
person 196 109 22 265
person 4 109 25 265
person 47 96 17 278
person 110 91 18 283
person 88 81 31 293
person 58 73 38 301
person 320 112 9 262
person 527 120 26 254
person 537 122 27 252
person 1204 154 18 220
person 1232 153 16 221
person 1178 152 18 222
person 1138 134 31 240
person 398 125 24 249
person 418 117 22 257
person 435 117 31 257
person 637 126 21 248
person 639 115 28 259
bicycle 603 148 80 226
car 168 110 168 264
bicycle 342 146 62 228
car 1224 168 47 206
