person 417 112 16 262
person 399 115 22 259
person 468 85 8 289
person 476 89 8 285
person 485 88 8 286
person 507 83 8 291
person 522 84 8 290
person 514 84 8 290
person 498 88 16 286
person 545 74 11 300
person 555 78 11 296
person 562 74 12 300
person 583 74 11 300
person 597 76 13 298
person 627 81 11 293
person 670 83 11 291
person 681 83 13 291
person 725 77 6 297
person 716 82 10 292
person 745 76 11 298
person 721 90 14 284
person 734 90 16 284
person 749 89 19 285
person 778 91 13 283
person 786 84 18 290
person 781 102 20 272
person 798 102 23 272
person 676 102 24 272
person 678 118 20 256
person 834 96 18 278
person 865 97 13 277
person 847 99 26 275
person 845 124 16 250
person 816 101 29 273
person 885 94 18 280
person 914 94 14 280
person 872 98 30 276
person 893 91 28 283
person 947 94 13 280
person 957 90 17 284
person 963 90 57 284
person 919 103 52 271
person 963 96 60 278
person 1101 109 27 265
person 1110 99 50 275
person 1058 69 49 305
person 1048 96 54 278
car 400 109 150 265
car 534 112 99 262
car 599 107 55 267
car 0 88 70 286
car 1142 9 125 365
car 83 143 420 231
car 55 125 238 249
car 20 135 149 239
car 806 89 57 285
car 690 112 92 262
car 658 104 55 270
