person 721 138 8 236
person 726 137 6 237
person 729 136 7 238
person 760 138 6 236
person 750 138 7 236
person 742 136 8 238
person 872 132 12 242
person 1037 92 29 282
person 569 137 8 237
person 541 138 8 236
person 531 140 8 234
person 515 142 7 232
person 503 138 7 236
person 495 140 8 234
person 1180 73 45 301
person 781 127 19 247
truck 114 112 109 262
bicycle 1216 139 54 235
bicycle 783 155 16 219
car 667 130 44 244
car 702 137 17 237
car 613 141 21 233
car 632 140 10 234
car 583 137 20 237
car 601 139 10 235
