person 431 146 17 228
person 411 140 19 234
person 338 145 9 229
person 370 137 19 237
person 381 142 18 232
person 277 102 34 272
person 86 115 54 259
person 141 102 59 272
person 344 115 30 259
person 298 106 42 268
person 560 138 9 236
person 655 136 11 238
person 622 119 24 255
person 685 134 8 240
person 666 138 15 236
person 948 119 14 255
person 922 117 29 257
person 1240 73 28 301
car 760 125 34 249
car 863 143 21 231
car 454 132 134 242
car 1098 118 44 256
car 931 114 189 260
car 62 127 81 247
car 874 130 60 244
car 778 114 90 260
car 684 127 85 247
car 677 137 19 237
car 591 130 70 244
car 492 135 67 239
car 0 127 153 247
car 136 125 150 249
car 1078 114 183 260
