person 274 141 14 233
person 263 132 11 242
person 250 142 18 232
person 260 153 16 221
person 313 133 10 241
person 347 128 12 246
person 361 129 6 245
person 375 130 9 244
person 385 134 14 240
person 388 142 19 232
person 437 92 73 282
person 427 110 57 264
person 513 109 58 265
person 669 79 52 295
person 613 81 37 293
person 632 153 42 221
person 732 84 45 290
person 698 86 59 288
person 637 51 74 323
person 808 115 35 259
person 792 87 62 287
person 357 121 32 253
person 313 117 52 257
person 846 106 25 268
person 288 121 37 253
person 36 151 14 223
car 62 155 24 219
bicycle 263 173 59 201
bicycle 372 163 34 211
motorbike 757 130 29 244
motorbike 1244 0 26 180
bus 1244 0 26 180
car 822 87 372 287
car 86 155 29 219
car 12 148 24 226
car 36 151 31 223
