person 503 131 13 243
person 493 128 12 246
person 472 129 14 245
person 477 130 14 244
person 527 126 13 248
person 519 124 13 250
person 583 122 16 252
person 588 128 7 246
person 577 127 15 247
person 647 124 12 250
person 640 124 12 250
person 628 126 15 248
person 617 128 14 246
person 662 125 11 249
person 668 124 16 250
person 677 120 18 254
person 757 122 14 252
person 767 127 15 247
person 626 122 12 252
person 645 119 6 255
truck 901 36 150 338
car 54 106 383 268
truck 745 78 111 296
truck 698 118 22 256
car 702 135 22 239
