person 454 111 23 263
person 1059 101 8 273
person 1077 84 36 290
person 1155 82 47 292
person 822 102 11 272
person 855 96 31 278
person 645 105 27 269
truck 549 96 40 278
motorbike 640 137 31 237
car 0 100 294 274
car 230 106 147 268
car 472 123 49 251
car 373 121 62 253
car 512 121 26 253
car 546 123 21 251
car 528 123 26 251
car 932 100 88 274
car 562 125 21 249
car 844 118 19 256
car 408 120 72 254
car 596 121 40 253
car 1101 91 168 283
car 1046 102 68 272
car 972 104 114 270
car 881 110 105 264
