person 720 130 29 244
person 706 131 25 243
person 669 131 19 243
person 855 117 33 257
person 1065 137 22 237
person 1035 132 27 242
person 892 118 35 256
person 585 127 15 247
person 927 120 14 254
person 973 125 10 249
person 957 120 20 254
person 994 140 13 234
person 1000 123 22 251
person 1014 120 34 254
person 976 125 24 249
person 946 124 8 250
person 945 130 18 244
person 635 127 26 247
person 641 132 29 242
person 463 130 13 244
person 475 125 19 249
person 480 130 20 244
person 450 134 20 240
person 416 125 26 249
person 524 122 22 252
person 539 125 26 249
car 1142 130 74 244
car 1180 127 86 247
car 1129 145 40 229
car 1048 146 38 228
car 1086 142 57 232
car 759 124 114 250
