person 291 83 7 291
person 433 97 10 277
person 459 89 9 285
person 471 88 8 286
person 477 86 7 288
person 483 86 9 288
person 496 96 6 278
person 539 84 10 290
person 556 85 8 289
person 580 94 6 280
person 608 93 6 281
person 614 87 6 287
person 669 86 6 288
person 699 88 6 286
person 673 159 8 215
person 678 158 8 216
person 684 156 9 218
person 695 156 8 218
person 703 156 8 218
person 742 131 7 243
person 746 130 16 244
person 729 124 18 250
person 716 127 19 247
person 813 108 47 266
person 960 76 65 298
person 978 66 56 308
person 614 109 27 265
person 637 102 41 272
person 549 151 13 223
person 403 109 37 265
person 429 117 44 257
person 275 107 9 267
person 249 109 40 265
person 264 101 59 273
person 195 115 53 259
person 90 80 92 294
person 4 70 74 304
person 87 107 91 267
person 4 101 72 273
person 493 84 59 290
