person 484 160 6 214
person 763 155 10 219
person 771 155 9 219
person 858 142 14 232
person 876 134 16 240
person 894 112 24 262
person 951 120 18 254
person 955 115 24 259
person 365 164 8 210
person 355 163 10 211
person 322 165 8 209
person 302 147 14 227
person 285 147 16 227
person 152 130 21 244
person 131 132 26 242
person 103 123 29 251
person 154 122 29 252
person 713 155 12 219
person 724 156 9 218
person 770 156 9 218
person 329 134 19 240
person 232 114 29 260
person 183 122 29 252
car 821 146 30 228
bicycle 228 150 24 224
bicycle 182 144 22 230
bicycle 327 160 16 214
car 629 137 61 237
