person 270 143 14 231
person 611 124 14 250
person 592 121 22 253
person 902 128 14 246
person 908 119 18 255
car 1093 112 173 262
car 49 123 149 251
car 981 118 55 256
car 0 137 49 237
car 0 143 37 231
car 521 133 12 241
car 683 133 12 241
car 0 135 49 239
car 596 155 18 219
bicycle 596 155 18 219
bicycle 588 155 19 219
car 189 142 80 232
motorbike 316 143 37 231
motorbike 272 148 37 226
car 358 130 106 244
car 447 135 49 239
car 484 133 42 241
car 527 133 18 241
car 548 143 26 231
car 645 135 40 239
car 695 130 49 244
car 750 130 19 244
car 765 135 21 239
car 775 130 19 244
car 782 115 122 259
car 1026 96 131 278
