person 594 131 6 243
person 586 124 8 250
person 576 125 10 249
person 563 128 9 246
person 550 127 11 247
person 613 107 24 267
person 718 131 7 243
person 726 132 6 242
person 738 132 6 242
person 744 131 8 243
person 762 131 8 243
person 767 130 7 244
person 751 130 10 244
person 783 128 7 246
person 784 130 10 244
person 772 130 13 244
person 791 128 13 246
person 815 125 14 249
person 840 124 9 250
person 863 126 6 248
person 828 126 16 248
person 845 127 14 247
person 865 120 14 254
person 846 122 23 252
person 881 119 22 255
person 909 133 7 241
person 911 107 26 267
person 936 114 17 260
person 944 117 26 257
person 1113 89 39 285
person 1216 91 51 283
person 1192 84 26 290
person 1253 113 15 261
person 477 124 12 250
person 524 131 8 243
person 517 139 12 235
person 506 138 16 236
person 493 137 14 237
person 485 137 13 237
person 467 129 10 245
person 473 134 12 240
person 459 137 22 237
person 399 122 14 252
person 380 118 18 256
person 365 117 15 257
person 381 132 22 242
person 367 134 18 240
person 373 132 44 242
person 308 119 13 255
person 291 114 19 260
person 280 119 18 255
person 311 128 18 246
person 295 129 20 245
person 278 131 9 243
person 245 117 19 257
person 228 108 22 266
person 189 125 28 249
person 172 125 17 249
person 246 132 14 242
person 252 127 27 247
person 219 126 34 248
person 282 130 22 244
person 126 125 24 249
person 98 125 27 249
person 82 124 30 250
person 70 124 27 250
person 150 114 27 260
person 42 107 31 267
person 8 106 20 268
person 3 104 11 270
person 416 131 15 243
person 419 108 40 266
person 634 109 42 265
motorbike 574 137 139 237
