person 1193 102 11 272
person 1176 96 22 278
person 1203 106 23 268
person 1215 87 37 287
person 1111 100 32 274
person 836 113 7 261
person 829 112 11 262
person 844 115 8 259
person 857 114 6 260
person 848 111 12 263
person 894 109 5 265
person 888 112 7 262
person 876 110 9 264
person 800 112 11 262
person 1154 302 23 72
person 1252 150 16 224
person 1037 67 107 307
motorbike 1012 161 155 213
motorbike 1229 183 37 191
car 866 106 90 268
car 788 112 60 262
car 437 96 431 278
car 885 93 332 281
car 909 78 54 296
car 981 81 49 293
