person 770 127 9 247
person 814 69 119 305
person 214 137 19 237
person 175 145 14 229
person 179 154 28 220
person 168 150 32 224
person 147 151 13 223
person 129 143 17 231
person 538 119 14 255
person 527 117 18 257
person 511 109 22 265
person 502 119 21 255
person 491 131 47 243
person 506 143 23 231
person 486 119 18 255
person 435 82 92 292
person 658 224 101 150
person 268 143 13 231
person 284 142 16 232
person 650 132 15 242
person 712 127 18 247
person 336 142 11 232
person 319 140 16 234
bicycle 315 155 19 219
car 619 138 24 236
car 596 143 15 231
bicycle 260 158 30 216
bicycle 275 160 37 214
bicycle 337 158 39 216
