person 247 82 6 292
person 266 82 6 292
person 359 86 6 288
person 334 77 11 297
person 326 73 18 301
person 309 74 16 300
person 335 74 30 300
person 78 80 65 294
person 416 100 18 274
person 489 89 8 285
person 516 80 15 294
person 539 73 16 301
person 537 78 17 296
person 556 73 13 301
person 568 70 19 304
person 679 75 19 299
person 692 88 22 286
person 909 79 23 295
person 920 81 23 293
person 1190 81 20 293
person 936 80 44 294
person 984 66 47 308
person 1045 139 115 235
person 1044 5 113 369
person 1185 24 95 350
person 245 87 29 287
person 377 74 18 300
car 398 96 209 278
car 427 73 63 301
car 1133 88 60 286
car 1026 96 19 278
car 957 86 70 288
