person 727 137 11 237
person 716 137 13 237
person 701 135 11 239
person 674 133 13 241
person 691 130 12 244
person 750 130 15 244
person 765 126 10 248
person 808 136 10 238
person 794 126 18 248
person 784 126 18 248
person 595 128 31 246
person 385 101 39 273
person 203 119 27 255
person 180 115 39 259
person 227 117 37 257
person 283 103 31 271
person 307 107 29 267
person 309 126 52 248
person 255 143 59 231
person 40 122 43 252
person 4 79 44 295
person 1059 114 16 260
motorbike 904 143 67 231
motorbike 894 118 74 256
bicycle 409 144 62 230
bicycle 1167 118 99 256
bicycle 1043 143 192 231
bicycle 1025 122 180 252
bicycle 999 121 165 253
bicycle 968 128 133 246
bicycle 950 135 129 239
