person 308 143 12 231
person 318 144 11 230
person 287 144 13 230
person 1162 107 27 267
person 1208 106 29 268
person 1239 107 30 267
person 441 150 8 224
person 454 151 7 223
person 758 133 6 241
person 880 124 16 250
person 807 133 11 241
person 820 133 9 241
person 843 128 16 246
person 858 123 12 251
person 858 125 20 249
person 897 122 6 252
person 482 152 7 222
person 413 143 11 231
car 723 130 104 244
car 844 106 322 268
car 675 137 49 237
bus 521 114 59 260
car 891 47 189 327
car 461 137 24 237
car 499 154 26 220
car 574 135 102 239
