person 968 94 20 280
person 934 103 15 271
person 894 103 13 271
person 905 104 14 270
person 912 117 8 257
person 877 98 9 276
person 859 104 13 270
person 865 105 34 269
person 913 91 29 283
person 821 107 13 267
person 806 102 16 272
person 833 112 18 262
person 398 128 5 246
person 169 110 34 264
person 232 103 29 271
person 280 109 25 265
person 246 96 56 278
person 113 100 53 274
person 297 93 39 281
person 331 110 31 264
person 863 160 32 214
person 787 104 11 270
person 778 108 13 266
car 633 114 220 260
car 484 121 99 253
car 0 135 111 239
car 132 115 103 259
car 319 118 80 256
