Car 1057 115 214 259
Car 746 137 66 237
Car 694 164 19 210
Car 632 147 56 227
Car 0 115 371 259
Car 400 163 50 211
Car 445 170 33 204
Car 577 164 18 210
Pedestrian 468 47 164 327
Pedestrian 890 115 26 259
Pedestrian 910 125 20 249
Pedestrian 946 121 25 253
Pedestrian 990 113 31 261
Pedestrian 1014 117 26 257
Pedestrian 1098 104 44 270
Pedestrian 1134 113 24 261
Pedestrian 844 137 30 237
Pedestrian 848 160 21 214
Pedestrian 868 160 19 214
Car 610 164 18 210
Car 718 158 37 216
Pedestrian 0 298 104 76
