pedestrian 295 155 21 219
pedestrian 404 160 16 214
pedestrian 59 145 47 229
pedestrian 295 152 15 222
car 575 169 24 205
car 983 179 110 195
car 1058 182 122 192
car 1123 182 129 192
pedestrian 21 149 38 225
pedestrian 328 152 14 222
pedestrian 312 156 11 218
pedestrian 131 152 34 222
pedestrian 78 147 30 227
pedestrian 714 160 76 214
pedestrian 903 144 80 230
cyclist 477 163 18 211
pedestrian 52 154 26 220
pedestrian 0 147 34 227
car 615 170 36 204
pedestrian 282 153 10 221
pedestrian 225 151 10 223
pedestrian 1154 177 12 197
