car 1120 182 132 192
car 1056 182 126 192
car 974 180 118 194
car 616 171 34 203
cyclist 490 163 45 211
cyclist 524 159 50 215
cyclist 502 167 18 207
pedestrian 188 146 15 228
pedestrian 156 149 39 225
cyclist 982 133 190 241
pedestrian 258 153 21 221
pedestrian 221 150 21 224
pedestrian 583 153 52 221
pedestrian 622 149 52 225
pedestrian 668 147 63 227
pedestrian 1159 142 93 232
pedestrian 1157 148 95 226
pedestrian 872 146 124 228
pedestrian 888 147 109 227
pedestrian 931 156 83 218
pedestrian 658 149 68 225
